commande, current 
0, 0.0
0, 0.0
0, 0.0
0, 0.0
0, 0.004
0, 0.023
0, 0.016
0, 0.007
0, 0.01
0, 0.002
0, 0.0
0, 0.006
0, 0.012
0, 0.009
0, 0.006
0, 0.014
0, 0.005
0, 0.024
0, 0.024
0, 0.018
0, 0.011
0, 0.016
0, 0.018
0, 0.021
0, 0.023
0, 0.026
0, 0.026
0, 0.022
0, 0.03
0, 0.025
0, 0.025
0, 0.028
0, 0.029
0, 0.033
0, 0.034
0, 0.036
0, 0.032
0, 0.04
0, 0.039
0, 0.039
0, 0.038
0, 0.038
0, 0.043
0, 0.044
0, 0.043
0, 0.044
0, 0.04
0, 0.043
0, 0.049
0, 0.048
0, 0.048
0, 0.057
0, 0.056
0, 0.056
0, 0.053
0, 0.053
0, 0.055
0, 0.056
0, 0.061
0, 0.062
0, 0.062
0, 0.06
0, 0.059
0, 0.069
0, 0.067
0, 0.066
0, 0.071
0, 0.073
0, 0.075
0, 0.076
0, 0.078
0, 0.078
0, 0.086
0, 0.081
0, 0.085
0, 0.088
0, 0.081
0, 0.09
0, 0.088
0, 0.091
0, 0.103
0, 0.1
0, 0.103
0, 0.104
0, 3.049
0, 3.065
0, 3.051
0, 3.059
0, 3.054
0, 3.058
0, 3.057
0, 3.056
0, 3.067
0, 3.075
0, 3.086
0, 3.078
0, 3.076
0, 3.075
0, 3.075
0, 3.076
0, 3.081
0, 3.1
0, 3.098
0, 3.09
0, 3.107
0, 3.104
0, 3.102
0, 3.104
0, 3.092
0, 3.123
0, 3.118
0, 3.124
0, 3.128
0, 3.117
0, 3.12
0, 3.123
0, 3.123
0, 3.136
0, 3.14
0, 3.148
0, 3.132
0, 3.137
0, 3.143
0, 3.14
0, 3.146
0, 3.166
0, 3.154
0, 3.162
0, 3.159
0, 3.157
0, 3.169
0, 3.161
0, 3.164
0, 3.185
0, 3.178
0, 3.183
0, 3.173
0, 3.178
0, 3.177
0, 3.179
0, 3.181
0, 3.181
0, 3.207
0, 3.191
0, 3.202
0, 3.204
0, 3.204
0, 3.202
0, 3.202
0, 3.202
0, 3.216
0, 3.224
0, 3.214
0, 3.219
0, 3.207
0, 3.209
0, 3.225
0, 3.241
0, 3.238
0, 3.238
0, 3.238
0, 3.239
0, 3.236
0, 3.243
0, 3.239
0, 3.267
0, 3.261
0, 3.262
0, 3.256
0, 3.261
0, 3.259
0, 3.267
0, 3.253
0, 3.272
0, 3.287
0, 3.273
0, 3.289
0, 3.282
0, 3.273
0, 3.278
0, 3.276
0, 3.301
0, 3.301
0, 3.3
0, 3.302
0, 3.298
0, 3.304
0, 3.307
0, 3.302
0, 3.322
0, 3.313
0, 3.323
0, 3.317
0, 3.32
0, 3.322
0, 3.321
0, 3.325
0, 3.335
0, 3.342
0, 3.333
0, 3.34
0, 3.34
0, 3.34
0, 3.346
0, 3.342
0, 3.358
0, 3.353
0, 3.365
0, 3.356
0, 3.362
0, 3.356
0, 3.362
0, 3.363
0, 3.379
0, 3.375
0, 3.383
0, 3.383
0, 3.377
0, 3.382
0, 3.368
0, 3.379
0, 3.401
0, 3.401
0, 3.4
0, 3.397
0, 3.389
0, 3.409
0, 3.4
0, 3.398
0, 3.405
0, 3.424
0, 3.42
0, 3.421
0, 3.414
0, 3.422
0, 3.418
0, 3.422
0, 3.439
0, 3.441
0, 3.446
0, 3.437
0, 3.438
0, 3.445
0, 3.449
0, 3.437
0, 3.46
0, 3.468
0, 3.455
0, 3.459
0, 3.46
0, 3.46
0, 3.457
0, 3.464
0, 3.478
0, 3.478
0, 3.482
0, 3.479
0, 3.476
0, 3.48
0, 3.479
0, 3.475
0, 3.498
0, 3.498
0, 3.508
0, 3.498
0, 3.5
0, 3.501
0, 3.499
0, 3.496
0, 3.515
0, 3.521
0, 3.518
0, 3.518
0, 3.523
0, 3.516
0, 3.524
0, 3.521
0, 3.545
0, 3.542
0, 3.537
0, 3.532
0, 3.541
0, 3.539
0, 3.534
0, 3.537
0, 3.568
0, 3.565
0, 3.565
0, 3.559
0, 3.557
0, 3.557
0, 3.555
0, 3.563
0, 3.563
0, 3.589
0, 3.577
0, 3.58
0, 3.577
0, 3.581
0, 3.576
0, 3.583
0, 3.595
0, 3.598
0, 3.598
0, 3.594
0, 3.611
0, 3.597
0, 3.604
0, 3.601
0, 3.625
0, 3.621
0, 3.613
0, 3.613
0, 3.617
0, 3.614
0, 3.623
0, 3.627
0, 3.639
0, 3.646
0, 3.637
0, 3.639
0, 3.641
0, 3.645
0, 3.643
0, 3.642
0, 3.657
0, 3.662
0, 3.662
0, 3.661
0, 3.661
0, 3.66
0, 3.65
0, 3.661
0, 3.671
0, 3.673
0, 3.678
0, 3.69
0, 3.672
0, 3.681
0, 3.682
0, 3.676
0, 3.705
0, 3.692
0, 3.699
0, 3.706
0, 3.688
0, 3.701
0, 3.704
0, 3.708
0, 3.692
0, 3.716
0, 3.732
0, 3.711
0, 3.725
0, 3.723
0, 3.727
0, 3.715
0, 3.736
0, 3.743
0, 3.738
0, 3.744
0, 3.744
0, 3.746
0, 3.746
0, 3.733
0, 3.752
0, 3.767
0, 3.756
0, 3.757
0, 3.761
0, 3.761
0, 3.754
0, 3.748
0, 3.782
0, 3.773
0, 3.777
0, 3.775
0, 3.774
0, 3.777
0, 3.781
0, 3.78
0, 3.797
0, 3.801
0, 3.8
0, 3.802
0, 3.795
0, 3.799
0, 3.807
0, 3.805
0, 3.821
0, 3.821
0, 3.814
0, 3.823
0, 3.815
0, 3.815
0, 3.816
0, 3.819
0, 3.839
0, 3.834
0, 3.845
0, 3.84
0, 3.84
0, 3.836
0, 3.846
0, 3.841
0, 3.854
0, 3.856
0, 3.862
0, 3.859
0, 3.867
0, 3.863
0, 3.87
0, 3.865
0, 3.874
0, 3.875
0, 3.875
0, 3.88
0, 3.867
0, 3.882
0, 3.887
0, 3.875
0, 3.896
0, 3.899
0, 3.899
0, 3.902
0, 3.896
0, 3.91
0, 3.896
0, 3.902
0, 3.923
0, 3.927
0, 3.907
0, 3.923
0, 3.92
0, 3.906
0, 3.911
0, 3.917
0, 3.942
0, 3.938
0, 3.938
0, 3.942
0, 3.947
0, 3.936
0, 3.94
0, 3.937
0, 3.95
0, 3.966
0, 3.969
0, 3.955
0, 3.96
0, 3.964
0, 3.965
0, 3.958
0, 3.978
0, 3.982
0, 3.98
0, 3.979
0, 3.976
0, 3.976
0, 3.987
0, 3.982
0, 4.003
0, 4.005
0, 3.987
0, 4.005
0, 4.007
0, 3.998
0, 4.002
0, 4.003
0, 4.019
0, 4.022
0, 4.012
0, 4.028
0, 4.017
0, 4.013
0, 4.022
0, 4.023
0, 4.021
0, 4.035
0, 4.04
0, 4.042
0, 4.03
0, 4.044
0, 4.038
0, 4.035
0, 4.055
0, 4.055
0, 4.057
0, 4.07
0, 4.059
0, 4.063
0, 4.061
0, 4.073
0, 4.083
0, 4.078
0, 4.077
0, 4.08
0, 4.073
0, 4.078
0, 4.076
0, 4.077
0, 4.093
0, 4.1
0, 4.108
0, 4.098
0, 4.098
0, 4.097
0, 4.097
0, 4.095
0, 4.118
0, 4.122
0, 4.119
0, 4.117
0, 4.128
0, 4.11
0, 4.116
0, 4.119
0, 4.136
0, 4.138
0, 4.138
0, 4.128
0, 4.139
0, 4.134
0, 4.151
0, 4.133
0, 4.154
0, 4.164
0, 4.16
0, 4.153
0, 4.161
0, 4.155
0, 4.157
0, 4.162
0, 4.176
0, 4.181
0, 4.182
0, 4.186
0, 4.183
0, 4.188
0, 4.173
0, 4.188
0, 4.193
0, 4.207
0, 4.192
0, 4.196
0, 4.196
0, 4.191
0, 4.199
0, 4.196
0, 4.217
0, 4.212
0, 4.219
0, 4.224
0, 4.225
0, 4.217
0, 4.216
0, 4.229
0, 4.241
0, 4.239
0, 4.242
0, 4.239
0, 4.244
0, 4.241
0, 4.237
0, 4.237
0, 4.245
0, 4.266
0, 4.268
0, 4.26
0, 4.255
0, 4.252
0, 4.269
0, 4.254
0, 4.281
0, 4.276
0, 4.273
0, 4.276
0, 4.286
0, 4.281
0, 4.274
0, 4.281
0, 4.312
0, 4.304
0, 4.293
0, 4.282
0, 4.307
0, 4.306
0, 4.299
0, 4.304
0, 4.304
0, 4.322
0, 4.322
0, 4.321
0, 4.323
0, 4.321
0, 4.315
0, 4.311
0, 4.321
0, 4.337
0, 4.341
0, 4.33
0, 4.344
0, 4.332
0, 4.35
0, 4.337
0, 4.354
0, 4.363
0, 4.354
0, 4.362
0, 4.367
0, 4.367
0, 4.364
0, 4.362
0, 4.38
0, 4.38
0, 4.38
0, 4.385
0, 4.373
0, 4.376
0, 4.376
0, 4.384
0, 4.399
0, 4.389
0, 4.389
0, 4.399
0, 4.4
0, 4.4
0, 4.397
0, 4.397
0, 4.397
0, 4.416
0, 4.417
0, 4.429
0, 4.426
0, 4.409
0, 4.418
0, 4.422
0, 4.45
0, 4.442
0, 4.437
0, 4.437
0, 4.443
0, 4.439
0, 4.437
0, 4.439
0, 4.46
0, 4.46
0, 4.452
0, 4.458
0, 4.459
0, 4.463
0, 4.463
0, 4.455
0, 4.486
0, 4.479
0, 4.48
0, 4.48
0, 4.479
0, 4.478
0, 4.475
0, 4.475
0, 4.507
0, 4.488
0, 4.489
0, 4.503
0, 4.494
0, 4.498
0, 4.5
0, 4.511
0, 4.52
0, 4.518
0, 4.518
0, 4.524
0, 4.524
0, 4.526
0, 4.521
0, 4.523
0, 4.54
0, 4.546
0, 4.538
0, 4.538
0, 4.54
0, 4.544
0, 4.54
0, 4.524
0, 4.557
0, 4.548
0, 4.553
0, 4.556
0, 4.556
0, 4.568
0, 4.562
0, 4.556
0, 4.579
0, 4.579
0, 4.574
0, 4.577
0, 4.58
0, 4.58
0, 4.587
0, 4.581
0, 4.602
0, 4.603
0, 4.604
0, 4.603
0, 4.602
0, 4.602
0, 4.604
0, 4.598
0, 4.622
0, 4.626
0, 4.633
0, 4.616
0, 4.623
0, 4.615
0, 4.617
0, 4.616
0, 4.637
0, 4.642
0, 4.642
0, 4.647
0, 4.646
0, 4.634
0, 4.641
0, 4.635
0, 4.665
0, 4.659
0, 4.659
0, 4.658
0, 4.66
0, 4.66
0, 4.659
0, 4.657
0, 4.677
0, 4.677
0, 4.674
0, 4.671
0, 4.683
0, 4.687
0, 4.666
0, 4.674
0, 4.697
0, 4.708
0, 4.708
0, 4.702
0, 4.702
0, 4.697
0, 4.692
0, 4.702
0, 4.724
0, 4.717
0, 4.718
0, 4.718
0, 4.732
0, 4.721
0, 4.721
0, 4.721
0, 4.742
0, 4.742
0, 4.74
0, 4.738
0, 4.741
0, 4.739
0, 4.741
0, 4.736
0, 4.756
0, 4.766
0, 4.765
0, 4.763
0, 4.762
0, 4.76
0, 4.771
0, 4.752
0, 4.778
0, 4.782
0, 4.786
0, 4.78
0, 4.778
0, 4.785
0, 4.775
0, 4.783
0, 4.796
0, 4.793
0, 4.799
0, 4.791
0, 4.808
0, 4.801
0, 4.801
0, 4.794
0, 4.818
0, 4.824
0, 4.821
0, 4.824
0, 4.824
0, 4.809
0, 4.814
0, 4.821
0, 4.838
0, 4.84
0, 4.845
0, 4.844
0, 4.836
0, 4.841
0, 4.834
0, 4.838
0, 4.858
0, 4.848
0, 4.853
0, 4.851
0, 4.852
0, 4.855
0, 4.847
0, 4.862
0, 4.888
0, 4.88
0, 4.893
0, 4.874
0, 4.89
0, 4.881
0, 4.881
0, 4.884
0, 4.9
0, 4.905
0, 4.9
0, 4.902
0, 4.89
0, 4.901
0, 4.913
0, 4.891
0, 4.913
0, 4.925
0, 4.926
0, 4.925
0, 4.918
0, 4.922
0, 4.916
0, 4.925
0, 4.942
0, 4.942
0, 4.934
0, 4.951
0, 4.938
0, 4.935
0, 4.941
0, 4.93
0, 4.958
0, 4.962
0, 4.957
0, 4.963
0, 4.963
0, 4.958
0, 4.955
0, 4.958
0, 4.974
0, 4.984
0, 4.987
0, 4.984
0, 4.982
0, 4.982
0, 4.973
0, 4.967
0, 4.997
0, 5.003
0, 4.996
0, 5.006
0, 5.002
0, 5.0
0, 4.99
0, 4.997
0, 5.027
0, 5.024
0, 5.031
0, 5.015
0, 5.012
0, 5.012
0, 5.016
0, 5.02
0, 5.034
0, 5.027
0, 5.034
0, 5.045
0, 5.044
0, 5.038
0, 5.039
0, 5.039
0, 5.055
0, 5.055
0, 5.053
0, 5.055
0, 5.059
0, 5.065
0, 5.067
0, 5.055
0, 5.08
0, 5.071
0, 5.071
0, 5.079
0, 5.071
0, 5.077
0, 5.075
0, 5.075
0, 5.098
0, 5.092
0, 5.101
0, 5.102
0, 5.095
0, 5.109
0, 5.1
0, 5.108
0, 5.119
0, 5.118
0, 5.12
0, 5.134
0, 5.115
0, 5.127
0, 5.121
0, 5.124
0, 5.142
0, 5.135
0, 5.145
0, 5.14
0, 5.142
0, 5.136
0, 5.144
0, 5.135
0, 5.165
0, 5.159
0, 5.166
0, 5.151
0, 5.164
0, 5.157
0, 5.161
0, 5.16
0, 5.179
0, 5.188
0, 5.181
0, 5.183
0, 5.176
0, 5.177
0, 5.188
0, 5.178
0, 5.201
0, 5.203
0, 5.2
0, 5.188
0, 5.203
0, 5.19
0, 5.194
0, 5.193
0, 5.225
0, 5.227
0, 5.228
0, 5.224
0, 5.209
0, 5.221
0, 5.228
0, 5.219
0, 5.248
0, 5.244
0, 5.239
0, 5.252
0, 5.238
0, 5.237
0, 5.245
0, 5.239
0, 5.237
0, 5.253
0, 5.26
0, 5.26
0, 5.262
0, 5.262
0, 5.249
0, 5.251
0, 5.278
0, 5.286
0, 5.286
0, 5.279
0, 5.28
0, 5.279
0, 5.281
0, 5.271
0, 5.295
0, 5.295
0, 5.309
0, 5.296
0, 5.301
0, 5.298
0, 5.298
0, 5.306
0, 5.325
0, 5.323
0, 5.302
0, 5.332
0, 5.318
0, 5.325
0, 5.325
0, 5.321
0, 5.336
0, 5.336
0, 5.343
0, 5.345
0, 5.347
0, 5.332
0, 5.342
0, 5.349
0, 5.361
0, 5.36
0, 5.354
0, 5.362
0, 5.361
0, 5.357
0, 5.351
0, 5.368
0, 5.376
0, 5.376
0, 5.387
0, 5.375
0, 5.378
0, 5.392
0, 5.383
0, 5.375
0, 5.414
0, 5.398
0, 5.398
0, 5.402
0, 5.408
0, 5.392
0, 5.4
0, 5.402
0, 5.413
0, 5.415
0, 5.416
0, 5.422
0, 5.419
0, 5.409
0, 5.419
0, 5.417
0, 5.447
0, 5.431
0, 5.444
0, 5.446
0, 5.441
0, 5.43
0, 5.442
0, 5.437
0, 5.456
0, 5.469
0, 5.457
0, 5.462
0, 5.458
0, 5.46
0, 5.465
0, 5.462
0, 5.476
0, 5.48
0, 5.488
0, 5.479
0, 5.484
0, 5.474
0, 5.471
0, 5.479
0, 5.503
0, 5.501
0, 5.505
0, 5.498
0, 5.497
0, 5.501
0, 5.496
0, 5.507
0, 5.515
0, 5.519
0, 5.533
0, 5.533
0, 5.518
0, 5.517
0, 5.527
0, 5.52
0, 5.532
0, 5.547
0, 5.545
0, 5.537
0, 5.537
0, 5.538
0, 5.533
0, 5.553
0, 5.557
0, 5.569
0, 5.559
0, 5.552
0, 5.559
0, 5.568
0, 5.56
0, 5.553
0, 5.581
0, 5.572
0, 5.588
0, 5.583
0, 5.574
0, 5.576
0, 5.583
0, 5.58
0, 5.588
0, 5.596
0, 5.598
0, 5.604
0, 5.612
0, 5.61
0, 5.611
0, 5.588
0, 5.633
0, 5.619
0, 5.623
0, 5.617
0, 5.632
0, 5.62
0, 5.619
0, 5.625
0, 5.617
0, 5.639
0, 5.635
0, 5.646
0, 5.632
0, 5.642
0, 5.644
0, 5.634
0, 5.661
0, 5.654
0, 5.657
0, 5.658
0, 5.661
0, 5.661
0, 5.661
0, 5.653
0, 5.68
0, 5.682
0, 5.677
0, 5.681
0, 5.675
0, 5.689
0, 5.68
0, 5.683
0, 5.699
0, 5.695
0, 5.712
0, 5.7
0, 5.69
0, 5.693
0, 5.698
0, 5.702
0, 5.718
0, 5.718
0, 5.721
0, 5.721
0, 5.721
0, 5.72
0, 5.717
0, 5.722
0, 5.739
0, 5.746
0, 5.732
0, 5.737
0, 5.741
0, 5.739
0, 5.739
0, 5.739
0, 5.739
0, 5.755
0, 5.755
0, 5.755
0, 5.765
0, 5.752
0, 5.766
0, 5.759
0, 5.777
0, 5.786
0, 5.781
0, 5.769
0, 5.782
0, 5.78
0, 5.79
0, 5.786
0, 5.797
0, 5.787
0, 5.809
0, 5.8
0, 5.794
0, 5.787
0, 5.797
0, 5.8
0, 5.814
0, 5.815
0, 5.819
0, 5.82
0, 5.818
0, 5.83
0, 5.824
0, 5.821
0, 5.842
0, 5.849
0, 5.837
0, 5.839
0, 5.839
0, 5.833
0, 5.849
0, 5.835
0, 5.867
0, 5.862
0, 5.859
0, 5.865
0, 5.856
0, 5.86
0, 5.864
0, 5.859
0, 5.877
0, 5.879
0, 5.883
0, 5.878
0, 5.874
0, 5.892
0, 5.884
0, 5.882
0, 5.907
0, 5.908
0, 5.906
0, 5.897
0, 5.906
0, 5.901
0, 5.886
0, 5.899
0, 5.923
0, 5.922
0, 5.919
0, 5.922
0, 5.91
0, 5.91
0, 5.918
0, 5.917
0, 5.931
0, 5.933
0, 5.93
0, 5.95
0, 5.946
0, 5.942
0, 5.935
0, 5.943
0, 5.963
0, 5.956
0, 5.965
0, 5.955
0, 5.95
0, 5.953
0, 5.961
0, 5.962
0, 5.978
0, 5.98
0, 5.983
0, 5.979
0, 5.972
0, 5.967
0, 5.981
0, 5.977
0, 5.991
0, 6.0
0, 5.996
0, 6.002
0, 6.003
0, 6.0
0, 5.992
