Time, Id, Iq, Ud, Uq, Temperature Measured, Temperature_LSTQ, Temperature_Model
1.0022, 3.003, 3.003, 1.0913, 1.0913, 29.6, 38.9, 27.0
2.4335, 2.994, 2.994, 1.1074, 1.1074, 29.7, 42.0, 27.2
2.8979, 3.492, 3.492, 1.2476, 1.2476, 29.8, 41.8, 27.2
3.4414, 3.998, 3.998, 1.3818, 1.3818, 29.9, 40.6, 27.3
3.8734, 4.503, 4.503, 1.5171, 1.5171, 30.0, 39.8, 27.4
4.0976, 5.002, 5.002, 1.6606, 1.6606, 30.1, 40.2, 27.5
4.3854, 5.511, 5.511, 1.7871, 1.7871, 30.2, 38.7, 27.6
4.6416, 5.999, 5.999, 1.939, 1.939, 30.3, 40.0, 27.6
4.9296, 5.505, 5.505, 1.7979, 1.7979, 30.4, 39.8, 27.7
5.169, 4.996, 4.996, 1.6743, 1.6743, 30.5, 41.7, 27.8
5.4254, 4.501, 4.501, 1.5254, 1.5254, 30.6, 40.8, 27.8
5.7137, 4.005, 4.005, 1.3872, 1.3872, 30.7, 41.0, 27.9
5.9535, 3.502, 3.502, 1.2451, 1.2451, 30.8, 41.0, 27.9
6.1934, 2.989, 2.989, 1.1201, 1.1201, 30.9, 44.3, 27.9
6.417, 3.497, 3.497, 1.2549, 1.2549, 31.0, 42.6, 28.0
6.6411, 4.001, 4.001, 1.3877, 1.3877, 31.1, 41.2, 28.0
6.8494, 4.499, 4.499, 1.5332, 1.5332, 31.2, 41.7, 28.1
7.041, 4.998, 4.998, 1.6772, 1.6772, 31.3, 41.9, 28.1
7.2337, 5.492, 5.492, 1.8262, 1.8262, 31.4, 42.7, 28.2
7.4094, 5.999, 5.999, 1.9512, 1.9512, 31.5, 41.0, 28.2
7.5696, 5.504, 5.504, 1.8096, 1.8096, 31.6, 40.9, 28.3
7.7613, 5.002, 5.002, 1.6836, 1.6836, 31.7, 42.4, 28.3
7.8894, 4.496, 4.496, 1.5415, 1.5415, 31.8, 42.7, 28.3
8.0658, 3.998, 3.998, 1.397, 1.397, 31.9, 42.4, 28.4
8.2096, 3.493, 3.493, 1.27, 1.27, 32.0, 44.9, 28.4
8.3694, 3.006, 3.006, 1.1094, 1.1094, 32.1, 41.8, 28.4
8.5295, 3.497, 3.497, 1.2612, 1.2612, 32.2, 43.5, 28.4
8.6733, 4.006, 4.006, 1.3838, 1.3838, 32.3, 40.5, 28.4
8.8177, 4.505, 4.505, 1.5356, 1.5356, 32.4, 41.8, 28.5
8.9775, 5.0, 5.0, 1.6826, 1.6826, 32.5, 42.4, 28.5
9.1695, 5.499, 5.499, 1.8184, 1.8184, 32.6, 41.8, 28.6
9.3297, 5.998, 5.998, 1.9678, 1.9678, 32.7, 42.4, 28.6
9.505, 5.495, 5.495, 1.8335, 1.8335, 32.8, 43.2, 28.7
9.6975, 5.002, 5.002, 1.6851, 1.6851, 32.9, 42.6, 28.7
9.9217, 4.5, 4.5, 1.5444, 1.5444, 33.0, 42.9, 28.8
10.2568, 3.998, 3.998, 1.4058, 1.4058, 33.1, 43.5, 28.8
10.4977, 3.494, 3.494, 1.2759, 1.2759, 33.2, 45.6, 28.9
10.7054, 3.0, 3.0, 1.127, 1.127, 33.3, 44.9, 28.9
10.9136, 3.5, 3.5, 1.2578, 1.2578, 33.4, 42.9, 28.9
11.1217, 3.999, 3.999, 1.4082, 1.4082, 33.5, 43.8, 28.9
11.2976, 4.508, 4.508, 1.541, 1.541, 33.6, 42.3, 29.0
11.4896, 5.003, 5.003, 1.6846, 1.6846, 33.7, 42.5, 29.0
11.6656, 5.508, 5.508, 1.8193, 1.8193, 33.8, 41.7, 29.1
11.8572, 6.004, 6.004, 1.9697, 1.9697, 33.9, 42.4, 29.1
12.0173, 5.502, 5.502, 1.8311, 1.8311, 34.0, 42.9, 29.2
12.3691, 5.005, 5.005, 1.6821, 1.6821, 34.1, 42.2, 29.3
12.5616, 4.504, 4.504, 1.5483, 1.5483, 34.2, 43.2, 29.3
12.7376, 3.995, 3.995, 1.4248, 1.4248, 34.3, 46.0, 29.3
12.9135, 3.503, 3.503, 1.2705, 1.2705, 34.4, 44.5, 29.4
13.1054, 2.992, 2.992, 1.1328, 1.1328, 34.5, 46.2, 29.4
13.2814, 3.503, 3.503, 1.2715, 1.2715, 34.6, 44.7, 29.4
13.4417, 4.001, 4.001, 1.4062, 1.4062, 34.7, 43.5, 29.4
13.5693, 4.499, 4.499, 1.5601, 1.5601, 34.8, 44.6, 29.4
13.6813, 5.004, 5.004, 1.6899, 1.6899, 34.9, 43.0, 29.5
13.8091, 5.498, 5.498, 1.8369, 1.8369, 35.0, 43.5, 29.5
13.9213, 6.004, 6.004, 1.9756, 1.9756, 35.1, 42.9, 29.5
14.0173, 5.498, 5.498, 1.8398, 1.8398, 35.2, 43.7, 29.6
14.1293, 4.996, 4.996, 1.707, 1.707, 35.3, 44.9, 29.6
14.2417, 4.499, 4.499, 1.5601, 1.5601, 35.4, 44.6, 29.6
14.3534, 4.001, 4.001, 1.4106, 1.4106, 35.5, 44.0, 29.6
14.4653, 3.493, 3.493, 1.2832, 1.2832, 35.6, 46.7, 29.7
14.6098, 2.996, 2.996, 1.1333, 1.1333, 35.7, 46.1, 29.7
14.7213, 3.5, 3.5, 1.2764, 1.2764, 35.8, 45.5, 29.7
14.8335, 4.005, 4.005, 1.4126, 1.4126, 35.9, 44.1, 29.7
14.9931, 4.501, 4.501, 1.5566, 1.5566, 36.0, 44.2, 29.7
15.1215, 5.003, 5.003, 1.6958, 1.6958, 36.1, 43.6, 29.8
15.2497, 5.499, 5.499, 1.8413, 1.8413, 36.2, 43.9, 29.8
15.3771, 5.991, 5.991, 1.9956, 1.9956, 36.3, 44.9, 29.8
15.5376, 5.494, 5.494, 1.8545, 1.8545, 36.4, 45.2, 29.9
15.6651, 5.0, 5.0, 1.7056, 1.7056, 36.5, 44.7, 29.9
15.8094, 4.509, 4.509, 1.5464, 1.5464, 36.6, 42.8, 29.9
15.9533, 3.998, 3.998, 1.4194, 1.4194, 36.7, 45.2, 30.0
16.2253, 3.506, 3.506, 1.2739, 1.2739, 36.8, 44.9, 30.0
16.3852, 3.014, 3.014, 1.1113, 1.1113, 36.9, 41.7, 30.0
16.5451, 3.5, 3.5, 1.2764, 1.2764, 37.0, 45.5, 30.0
16.6893, 4.003, 4.003, 1.4126, 1.4126, 37.1, 44.2, 30.1
16.8333, 4.493, 4.493, 1.5703, 1.5703, 37.2, 45.9, 30.1
16.9934, 4.493, 4.493, 1.5703, 1.5703, 37.3, 45.9, 30.1
17.2492, 5.498, 5.498, 1.8496, 1.8496, 37.4, 44.6, 30.2
17.4572, 5.498, 5.498, 1.8496, 1.8496, 37.5, 44.6, 30.2
17.8253, 5.993, 5.993, 2.0073, 2.0073, 37.6, 45.8, 30.4
17.9853, 5.007, 5.007, 1.7026, 1.7026, 37.7, 44.2, 30.4
18.1618, 4.507, 4.507, 1.5562, 1.5562, 37.8, 44.0, 30.5
18.3053, 3.999, 3.999, 1.4272, 1.4272, 37.9, 46.1, 30.5
18.465, 3.495, 3.495, 1.2822, 1.2822, 38.0, 46.5, 30.5
18.6098, 3.002, 3.002, 1.1309, 1.1309, 38.1, 45.4, 30.5
18.7537, 3.49, 3.49, 1.293, 1.293, 38.2, 48.2, 30.5
19.4579, 3.999, 3.999, 1.4297, 1.4297, 38.3, 46.4, 30.6
19.6332, 4.501, 4.501, 1.5679, 1.5679, 38.4, 45.4, 30.7
19.7617, 5.0, 5.0, 1.7168, 1.7168, 38.5, 45.8, 30.7
19.9056, 5.498, 5.498, 1.8599, 1.8599, 38.6, 45.5, 30.8
20.0493, 6.003, 6.003, 1.9922, 1.9922, 38.7, 44.3, 30.8
20.1936, 5.494, 5.494, 1.8687, 1.8687, 38.8, 46.4, 30.8
20.3537, 5.004, 5.004, 1.7129, 1.7129, 38.9, 45.3, 30.9
20.4976, 4.501, 4.501, 1.5688, 1.5688, 39.0, 45.5, 30.9
20.6582, 4.002, 4.002, 1.4248, 1.4248, 39.1, 45.7, 30.9
20.833, 3.493, 3.493, 1.2969, 1.2969, 39.2, 48.6, 31.0
20.9938, 3.008, 3.008, 1.1265, 1.1265, 39.3, 44.5, 31.0
21.1538, 3.493, 3.493, 1.292, 1.292, 39.4, 48.0, 31.0
21.3134, 3.997, 3.997, 1.4263, 1.4263, 39.5, 46.1, 31.0
21.4733, 4.499, 4.499, 1.5762, 1.5762, 39.6, 46.4, 31.0
21.6331, 4.997, 4.997, 1.7188, 1.7188, 39.7, 46.0, 31.1
21.7932, 5.503, 5.503, 1.8574, 1.8574, 39.8, 45.2, 31.1
21.9374, 6.0, 6.0, 2.0073, 2.0073, 39.9, 45.6, 31.2
22.0972, 5.495, 5.495, 1.8682, 1.8682, 40.0, 46.3, 31.2
22.2411, 5.008, 5.008, 1.7075, 1.7075, 40.1, 44.6, 31.3
22.4013, 4.495, 4.495, 1.5859, 1.5859, 40.2, 47.6, 31.3
22.5615, 4.002, 4.002, 1.4268, 1.4268, 40.3, 46.0, 31.3
22.7051, 3.5, 3.5, 1.2803, 1.2803, 40.4, 46.0, 31.3
22.8493, 2.997, 2.997, 1.1426, 1.1426, 40.5, 47.6, 31.3
23.0257, 3.491, 3.491, 1.2983, 1.2983, 40.6, 48.9, 31.4
23.2013, 3.998, 3.998, 1.4316, 1.4316, 40.7, 46.7, 31.4
23.393, 4.498, 4.498, 1.5771, 1.5771, 40.8, 46.5, 31.4
23.7614, 4.992, 4.992, 1.7339, 1.7339, 40.9, 47.6, 31.5
24.0171, 5.503, 5.503, 1.8682, 1.8682, 41.0, 46.1, 31.6
24.3052, 6.001, 6.001, 2.0132, 2.0132, 41.1, 46.1, 31.7
24.7056, 5.501, 5.501, 1.874, 1.874, 41.2, 46.7, 31.8
25.0736, 5.001, 5.001, 1.7285, 1.7285, 41.3, 46.9, 31.9
25.5375, 4.497, 4.497, 1.5864, 1.5864, 41.4, 47.6, 32.0
25.8873, 4.001, 4.001, 1.4414, 1.4414, 41.5, 47.8, 32.0
26.1455, 3.5, 3.5, 1.292, 1.292, 41.6, 47.6, 32.1
26.3695, 2.996, 2.996, 1.1465, 1.1465, 41.7, 48.3, 32.1
26.5456, 3.495, 3.495, 1.2993, 1.2993, 41.8, 48.9, 32.1
26.7053, 3.999, 3.999, 1.4375, 1.4375, 41.9, 47.4, 32.1
26.8655, 4.509, 4.509, 1.5757, 1.5757, 42.0, 46.0, 32.1
27.0098, 5.009, 5.009, 1.7212, 1.7212, 42.1, 45.9, 32.2
27.153, 5.504, 5.504, 1.8706, 1.8706, 42.2, 46.3, 32.2
27.2974, 6.001, 6.001, 2.0161, 2.0161, 42.3, 46.3, 32.3
27.4255, 5.501, 5.501, 1.8799, 1.8799, 42.4, 47.2, 32.3
27.5697, 5.501, 5.501, 1.8799, 1.8799, 42.5, 47.2, 32.3
27.7136, 4.994, 4.994, 1.7422, 1.7422, 42.6, 48.4, 32.4
28.0492, 3.999, 3.999, 1.4478, 1.4478, 42.7, 48.6, 32.4
28.6891, 3.498, 3.498, 1.2954, 1.2954, 42.8, 48.2, 32.5
29.121, 3.004, 3.004, 1.1362, 1.1362, 42.9, 46.2, 32.5
29.3295, 3.504, 3.504, 1.2842, 1.2842, 43.0, 46.4, 32.5
29.5697, 3.998, 3.998, 1.4429, 1.4429, 43.1, 48.1, 32.6
29.8888, 4.501, 4.501, 1.585, 1.585, 43.2, 47.3, 32.6
30.1296, 5.003, 5.003, 1.728, 1.728, 43.3, 46.8, 32.7
30.4016, 5.496, 5.496, 1.8833, 1.8833, 43.4, 47.7, 32.8
30.5938, 5.997, 5.997, 2.0254, 2.0254, 43.5, 47.1, 32.8
30.7697, 5.499, 5.499, 1.8789, 1.8789, 43.6, 47.2, 32.9
30.9774, 4.99, 4.99, 1.7544, 1.7544, 43.7, 49.7, 32.9
31.1692, 4.503, 4.503, 1.5923, 1.5923, 43.8, 48.0, 33.0
31.7292, 4.001, 4.001, 1.4448, 1.4448, 43.9, 48.2, 33.0
32.1931, 3.494, 3.494, 1.3052, 1.3052, 44.0, 49.8, 33.1
32.625, 2.995, 2.995, 1.1616, 1.1616, 44.1, 50.8, 33.1
33.025, 3.496, 3.496, 1.3027, 1.3027, 44.2, 49.4, 33.2
33.2174, 4.0, 4.0, 1.4395, 1.4395, 44.3, 47.6, 33.2
33.425, 4.49, 4.49, 1.6074, 1.6074, 44.4, 50.1, 33.2
34.0493, 4.996, 4.996, 1.7412, 1.7412, 44.5, 48.3, 33.4
34.4656, 5.501, 5.501, 1.8853, 1.8853, 44.6, 47.7, 33.5
34.8974, 6.008, 6.008, 2.0278, 2.0278, 44.7, 47.1, 33.6
35.2656, 5.497, 5.497, 1.8955, 1.8955, 44.8, 48.7, 33.7
36.5935, 4.986, 4.986, 1.7729, 1.7729, 44.9, 51.7, 34.0
36.8013, 4.504, 4.504, 1.5977, 1.5977, 45.0, 48.6, 34.1
37.0255, 4.001, 4.001, 1.4521, 1.4521, 45.1, 49.1, 34.1
37.2018, 3.505, 3.505, 1.3022, 1.3022, 45.2, 48.9, 34.1
37.3773, 2.999, 2.999, 1.1577, 1.1577, 45.3, 50.0, 34.1
37.5693, 3.496, 3.496, 1.3154, 1.3154, 45.4, 51.1, 34.2
37.7453, 3.998, 3.998, 1.458, 1.458, 45.5, 49.9, 34.2
37.9217, 4.505, 4.505, 1.5967, 1.5967, 45.6, 48.4, 34.2
38.1131, 5.007, 5.007, 1.7363, 1.7363, 45.7, 47.4, 34.3
38.3211, 5.51, 5.51, 1.8838, 1.8838, 45.8, 47.3, 34.3
38.5453, 6.01, 6.01, 2.0337, 2.0337, 45.9, 47.5, 34.4
38.7533, 5.503, 5.503, 1.8989, 1.8989, 46.0, 48.9, 34.5
39.1693, 5.01, 5.01, 1.7407, 1.7407, 46.1, 47.8, 34.5
39.5533, 4.498, 4.498, 1.6079, 1.6079, 46.2, 49.9, 34.6
39.9694, 4.002, 4.002, 1.4536, 1.4536, 46.3, 49.2, 34.7
40.3695, 3.489, 3.489, 1.3257, 1.3257, 46.4, 52.8, 34.7
40.7533, 3.002, 3.002, 1.1523, 1.1523, 46.5, 48.9, 34.7
41.0736, 3.5, 3.5, 1.3145, 1.3145, 46.6, 50.8, 34.8
41.2651, 3.998, 3.998, 1.457, 1.457, 46.7, 49.8, 34.8
41.4574, 4.49, 4.49, 1.6196, 1.6196, 46.8, 51.4, 34.8
41.6173, 4.992, 4.992, 1.7642, 1.7642, 46.9, 50.6, 34.9
41.7775, 5.503, 5.503, 1.9067, 1.9067, 47.0, 49.6, 34.9
41.9375, 5.992, 5.992, 2.0571, 2.0571, 47.1, 49.9, 35.0
42.0973, 5.992, 5.992, 2.0571, 2.0571, 47.2, 49.9, 35.0
42.2564, 5.506, 5.506, 1.8975, 1.8975, 47.3, 48.7, 35.0
42.4332, 4.493, 4.493, 1.6226, 1.6226, 47.4, 51.6, 35.1
42.6253, 4.002, 4.002, 1.4639, 1.4639, 47.5, 50.5, 35.1
42.8171, 3.497, 3.497, 1.313, 1.313, 47.6, 50.7, 35.1
43.233, 3.001, 3.001, 1.1558, 1.1558, 47.7, 49.5, 35.1
43.8574, 3.497, 3.497, 1.3159, 1.3159, 47.8, 51.2, 35.2
44.2254, 4.004, 4.004, 1.4556, 1.4556, 47.9, 49.4, 35.3
44.6411, 4.506, 4.506, 1.6021, 1.6021, 48.0, 49.0, 35.3
45.953, 5.002, 5.002, 1.7637, 1.7637, 48.1, 50.3, 35.6
46.6893, 5.503, 5.503, 1.917, 1.917, 48.2, 50.5, 35.8
47.1369, 5.999, 5.999, 2.0625, 2.0625, 48.3, 50.1, 36.0
47.521, 5.509, 5.509, 1.9097, 1.9097, 48.4, 49.7, 36.1
47.8891, 5.007, 5.007, 1.7598, 1.7598, 48.5, 49.8, 36.2
48.2734, 4.507, 4.507, 1.6099, 1.6099, 48.6, 49.8, 36.2
48.6573, 3.998, 3.998, 1.4761, 1.4761, 48.7, 52.2, 36.3
49.0255, 3.5, 3.5, 1.3208, 1.3208, 48.8, 51.7, 36.3
49.3935, 3.004, 3.004, 1.166, 1.166, 48.9, 51.1, 36.3
49.7455, 3.496, 3.496, 1.333, 1.333, 49.0, 53.6, 36.4
49.9373, 3.992, 3.992, 1.48, 1.48, 49.1, 52.8, 36.4
50.0812, 4.503, 4.503, 1.6191, 1.6191, 49.2, 50.9, 36.4
50.2091, 5.001, 5.001, 1.772, 1.772, 49.3, 51.1, 36.4
50.3533, 5.494, 5.494, 1.9238, 1.9238, 49.4, 51.3, 36.5
50.4973, 5.993, 5.993, 2.082, 2.082, 49.5, 51.9, 36.5
50.6411, 5.494, 5.494, 1.9346, 1.9346, 49.6, 52.3, 36.6
50.7852, 5.001, 5.001, 1.7773, 1.7773, 49.7, 51.6, 36.6
50.9611, 4.496, 4.496, 1.627, 1.627, 49.8, 52.0, 36.6
51.1055, 3.998, 3.998, 1.4795, 1.4795, 49.9, 52.6, 36.6
51.2653, 3.504, 3.504, 1.3218, 1.3218, 50.0, 51.6, 36.7
51.4093, 3.006, 3.006, 1.1567, 1.1567, 50.1, 49.5, 36.7
51.5693, 3.5, 3.5, 1.3242, 1.3242, 50.2, 52.2, 36.7
51.7132, 3.994, 3.994, 1.4829, 1.4829, 50.3, 53.1, 36.7
51.8733, 4.501, 4.501, 1.6206, 1.6206, 50.4, 51.1, 36.7
52.0335, 5.0, 5.0, 1.772, 1.772, 50.5, 51.1, 36.8
52.2092, 5.5, 5.5, 1.9224, 1.9224, 50.6, 51.1, 36.8
52.5612, 5.996, 5.996, 2.0791, 2.0791, 50.7, 51.6, 36.9
52.8173, 5.504, 5.504, 1.9219, 1.9219, 50.8, 50.9, 37.0
53.1213, 4.993, 4.993, 1.7935, 1.7935, 50.9, 53.5, 37.1
53.3772, 4.512, 4.512, 1.6191, 1.6191, 51.0, 50.6, 37.1
53.5852, 4.003, 4.003, 1.4736, 1.4736, 51.1, 51.7, 37.1
53.8252, 4.003, 4.003, 1.4736, 1.4736, 51.2, 51.7, 37.1
54.2255, 3.502, 3.502, 1.3232, 1.3232, 51.3, 52.0, 37.2
55.1535, 3.496, 3.496, 1.3315, 1.3315, 51.4, 53.4, 37.3
55.4416, 3.998, 3.998, 1.48, 1.48, 51.5, 52.6, 37.3
55.6335, 4.5, 4.5, 1.6216, 1.6216, 51.6, 51.3, 37.3
58.0655, 5.004, 5.004, 1.7822, 1.7822, 51.7, 52.0, 37.9
58.3535, 5.004, 5.004, 1.7822, 1.7822, 51.8, 52.0, 37.9
58.5619, 6.003, 6.003, 2.082, 2.082, 51.9, 51.6, 38.0
58.818, 5.49, 5.49, 1.9521, 1.9521, 52.0, 54.0, 38.1
59.106, 5.0, 5.0, 1.7905, 1.7905, 52.1, 53.0, 38.1
59.3934, 4.504, 4.504, 1.6357, 1.6357, 52.2, 52.7, 38.2
59.6015, 3.997, 3.997, 1.4897, 1.4897, 52.3, 53.9, 38.2
59.8253, 3.481, 3.481, 1.3604, 1.3604, 52.4, 58.1, 38.2
60.0651, 3.006, 3.006, 1.1709, 1.1709, 52.5, 51.8, 38.2
60.2894, 3.497, 3.497, 1.3379, 1.3379, 52.6, 54.2, 38.2
60.4813, 4.001, 4.001, 1.479, 1.479, 52.7, 52.4, 38.3
60.6574, 4.5, 4.5, 1.6353, 1.6353, 52.8, 52.8, 38.3
60.8331, 5.006, 5.006, 1.7788, 1.7788, 52.9, 51.6, 38.3
60.9935, 5.501, 5.501, 1.9434, 1.9434, 53.0, 52.9, 38.4
61.1375, 5.998, 5.998, 2.0942, 2.0942, 53.1, 52.8, 38.4
61.5207, 5.505, 5.505, 1.938, 1.938, 53.2, 52.3, 38.5
61.7135, 4.994, 4.994, 1.8022, 1.8022, 53.3, 54.3, 38.6
62.3536, 4.5, 4.5, 1.6436, 1.6436, 53.4, 53.7, 38.7
62.5937, 3.997, 3.997, 1.4995, 1.4995, 53.5, 55.1, 38.7
62.8336, 3.498, 3.498, 1.3359, 1.3359, 53.6, 53.9, 38.7
63.1376, 2.996, 2.996, 1.187, 1.187, 53.7, 54.9, 38.7
63.7299, 3.503, 3.503, 1.3267, 1.3267, 53.8, 52.4, 38.8
64.1615, 4.004, 4.004, 1.4805, 1.4805, 53.9, 52.5, 38.8
64.4657, 4.505, 4.505, 1.6377, 1.6377, 54.0, 52.9, 38.9
64.8337, 5.007, 5.007, 1.7788, 1.7788, 54.1, 51.6, 39.0
65.2015, 5.505, 5.505, 1.9404, 1.9404, 54.2, 52.5, 39.1
65.6176, 6.006, 6.006, 2.0972, 2.0972, 54.3, 52.8, 39.2
66.0656, 5.502, 5.502, 1.9453, 1.9453, 54.4, 53.0, 39.3
66.9776, 4.992, 4.992, 1.811, 1.811, 54.5, 55.2, 39.5
67.2815, 4.5, 4.5, 1.6504, 1.6504, 54.6, 54.4, 39.5
67.5694, 4.001, 4.001, 1.4985, 1.4985, 54.7, 54.8, 39.6
67.8898, 3.494, 3.494, 1.3521, 1.3521, 54.8, 56.4, 39.6
68.1936, 2.995, 2.995, 1.1963, 1.1963, 54.9, 56.5, 39.6
68.5295, 3.508, 3.508, 1.3281, 1.3281, 55.0, 52.4, 39.6
68.9934, 4.005, 4.005, 1.4883, 1.4883, 55.1, 53.4, 39.7
69.2815, 4.494, 4.494, 1.6567, 1.6567, 55.2, 55.3, 39.7
69.5217, 5.0, 5.0, 1.7935, 1.7935, 55.3, 53.2, 39.8
69.7454, 5.499, 5.499, 1.9536, 1.9536, 55.4, 53.9, 39.9
71.5378, 5.994, 5.994, 2.1221, 2.1221, 55.5, 55.1, 40.4
71.7776, 5.501, 5.501, 1.9644, 1.9644, 55.6, 54.7, 40.5
72.3217, 4.998, 4.998, 1.8247, 1.8247, 55.7, 56.4, 40.6
72.5619, 4.494, 4.494, 1.6738, 1.6738, 55.8, 57.2, 40.6
72.8176, 3.997, 3.997, 1.5225, 1.5225, 55.9, 57.9, 40.7
73.0576, 3.493, 3.493, 1.3657, 1.3657, 56.0, 58.3, 40.7
73.2656, 3.002, 3.002, 1.1963, 1.1963, 56.1, 56.1, 40.7
73.4735, 3.492, 3.492, 1.3604, 1.3604, 56.2, 57.6, 40.7
73.6819, 3.997, 3.997, 1.5112, 1.5112, 56.3, 56.5, 40.7
73.9057, 4.5, 4.5, 1.666, 1.666, 56.4, 56.1, 40.8
74.1137, 5.002, 5.002, 1.8091, 1.8091, 56.5, 54.7, 40.8
74.3217, 5.493, 5.493, 1.981, 1.981, 56.6, 56.5, 40.9
74.5137, 6.003, 6.003, 2.1162, 2.1162, 56.7, 54.4, 40.9
74.7056, 5.496, 5.496, 1.9751, 1.9751, 56.8, 55.8, 41.0
74.8978, 4.994, 4.994, 1.8262, 1.8262, 56.9, 56.7, 41.0
75.0897, 4.502, 4.502, 1.6592, 1.6592, 57.0, 55.3, 41.0
75.2657, 3.998, 3.998, 1.5171, 1.5171, 57.1, 57.2, 41.1
75.4421, 3.5, 3.5, 1.3555, 1.3555, 57.2, 56.6, 41.1
75.6337, 2.995, 2.995, 1.2061, 1.2061, 57.3, 58.1, 41.1
75.8255, 3.498, 3.498, 1.3555, 1.3555, 57.4, 56.6, 41.1
76.0017, 4.002, 4.002, 1.5103, 1.5103, 57.5, 56.2, 41.1
76.2097, 4.496, 4.496, 1.6631, 1.6631, 57.6, 55.9, 41.1
76.3855, 5.001, 5.001, 1.813, 1.813, 57.7, 55.1, 41.2
76.5774, 5.494, 5.494, 1.9795, 1.9795, 57.8, 56.3, 41.2
76.7697, 5.997, 5.997, 2.126, 2.126, 57.9, 55.4, 41.3
76.9618, 5.5, 5.5, 1.9678, 1.9678, 58.0, 55.1, 41.3
77.1541, 5.001, 5.001, 1.8135, 1.8135, 58.1, 55.2, 41.4
77.3618, 4.503, 4.503, 1.6606, 1.6606, 58.2, 55.4, 41.4
78.3699, 3.996, 3.996, 1.5127, 1.5127, 58.3, 56.7, 41.5
78.7058, 3.498, 3.498, 1.356, 1.356, 58.4, 56.7, 41.5
79.0255, 2.993, 2.993, 1.2124, 1.2124, 58.5, 59.2, 41.5
79.3455, 3.504, 3.504, 1.3491, 1.3491, 58.6, 55.5, 41.6
80.0494, 3.992, 3.992, 1.52, 1.52, 58.7, 57.8, 41.6
82.2579, 4.499, 4.499, 1.667, 1.667, 58.8, 56.3, 42.0
83.4258, 5.006, 5.006, 1.811, 1.811, 58.9, 54.8, 42.2
83.6815, 5.498, 5.498, 1.9761, 1.9761, 59.0, 55.9, 42.3
83.8739, 6.004, 6.004, 2.1265, 2.1265, 59.1, 55.2, 42.3
84.0495, 5.499, 5.499, 1.9805, 1.9805, 59.2, 56.2, 42.4
84.2256, 5.005, 5.005, 1.8154, 1.8154, 59.3, 55.3, 42.4
84.4016, 4.493, 4.493, 1.6821, 1.6821, 59.4, 58.1, 42.4
84.5937, 4.004, 4.004, 1.5107, 1.5107, 59.5, 56.2, 42.5
84.802, 3.503, 3.503, 1.3589, 1.3589, 59.6, 56.9, 42.5
84.9782, 3.0, 3.0, 1.2026, 1.2026, 59.7, 57.3, 42.5
85.17, 3.502, 3.502, 1.3545, 1.3545, 59.8, 56.3, 42.5
85.3783, 4.006, 4.006, 1.5024, 1.5024, 59.9, 55.1, 42.5
85.6023, 4.502, 4.502, 1.665, 1.665, 60.0, 55.9, 42.5
86.3539, 5.003, 5.003, 1.8237, 1.8237, 60.1, 56.1, 42.7
86.754, 5.499, 5.499, 1.9814, 1.9814, 60.2, 56.3, 42.8
86.9622, 6.001, 6.001, 2.1304, 2.1304, 60.3, 55.6, 42.9
87.1858, 5.497, 5.497, 1.9893, 1.9893, 60.4, 57.1, 42.9
87.6178, 4.991, 4.991, 1.8452, 1.8452, 60.5, 58.6, 43.0
87.9858, 4.503, 4.503, 1.6685, 1.6685, 60.6, 56.3, 43.0
88.3537, 4.001, 4.001, 1.5166, 1.5166, 60.7, 57.0, 43.1
88.6426, 3.498, 3.498, 1.3657, 1.3657, 60.8, 58.1, 43.1
88.9622, 2.998, 2.998, 1.2114, 1.2114, 60.9, 58.8, 43.1
89.2503, 3.503, 3.503, 1.3569, 1.3569, 61.0, 56.6, 43.1
89.5224, 4.001, 4.001, 1.5161, 1.5161, 61.1, 56.9, 43.2
89.8102, 4.502, 4.502, 1.6685, 1.6685, 61.2, 56.3, 43.2
90.0662, 5.002, 5.002, 1.8286, 1.8286, 61.3, 56.6, 43.2
90.3222, 5.498, 5.498, 1.9897, 1.9897, 61.4, 57.1, 43.3
92.3518, 6.004, 6.004, 2.1519, 2.1519, 61.5, 57.3, 43.9
92.5942, 5.498, 5.498, 2.0039, 2.0039, 61.6, 58.4, 44.0
92.8025, 5.003, 5.003, 1.8369, 1.8369, 61.7, 57.4, 44.0
93.01, 4.495, 4.495, 1.6992, 1.6992, 61.8, 59.9, 44.1
93.2182, 3.996, 3.996, 1.5371, 1.5371, 61.9, 59.7, 44.1
93.4261, 3.996, 3.996, 1.5371, 1.5371, 62.0, 59.7, 44.1
93.6181, 3.495, 3.495, 1.3799, 1.3799, 62.1, 60.2, 44.1
93.8262, 3.506, 3.506, 1.3682, 1.3682, 62.2, 58.1, 44.1
94.0024, 3.997, 3.997, 1.5322, 1.5322, 62.3, 59.1, 44.1
94.1941, 4.5, 4.5, 1.6914, 1.6914, 62.4, 58.9, 44.2
94.3696, 5.0, 5.0, 1.8438, 1.8438, 62.5, 58.2, 44.2
94.5614, 5.496, 5.496, 2.001, 2.001, 62.6, 58.2, 44.2
94.7832, 5.994, 5.994, 2.167, 2.167, 62.7, 58.8, 44.3
94.9936, 5.5, 5.5, 2.002, 2.002, 62.8, 58.1, 44.4
95.2018, 5.007, 5.007, 1.833, 1.833, 62.9, 56.9, 44.4
95.4097, 4.496, 4.496, 1.6982, 1.6982, 63.0, 59.8, 44.4
95.6177, 4.002, 4.002, 1.5332, 1.5332, 63.1, 59.0, 44.4
95.8236, 3.496, 3.496, 1.3818, 1.3818, 63.2, 60.4, 44.5
96.1139, 2.996, 2.996, 1.2231, 1.2231, 63.3, 60.8, 44.5
97.2501, 3.495, 3.495, 1.3765, 1.3765, 63.4, 59.7, 44.5
97.554, 4.002, 4.002, 1.5312, 1.5312, 63.5, 58.7, 44.6
97.89, 4.502, 4.502, 1.6855, 1.6855, 63.6, 58.2, 44.6
98.1461, 4.998, 4.998, 1.8408, 1.8408, 63.7, 58.0, 44.7
98.3544, 5.496, 5.496, 2.0044, 2.0044, 63.8, 58.5, 44.7
98.5465, 5.998, 5.998, 2.1636, 2.1636, 63.9, 58.4, 44.8
98.7383, 5.507, 5.507, 1.9897, 1.9897, 64.0, 56.8, 44.8
99.9539, 4.99, 4.99, 1.8564, 1.8564, 63.9, 59.7, 45.0
100.3861, 4.492, 4.492, 1.7012, 1.7012, 64.0, 60.2, 45.1
100.6578, 3.992, 3.992, 1.5454, 1.5454, 64.1, 60.9, 45.1
100.8816, 3.502, 3.502, 1.3735, 1.3735, 64.2, 59.0, 45.1
101.0737, 3.502, 3.502, 1.3735, 1.3735, 64.3, 59.0, 45.1
101.2659, 3.01, 3.01, 1.2051, 1.2051, 64.4, 57.2, 45.1
101.4581, 3.993, 3.993, 1.5459, 1.5459, 64.5, 60.9, 45.2
101.6498, 4.507, 4.507, 1.6812, 1.6812, 64.6, 57.5, 45.2
101.8419, 5.0, 5.0, 1.8472, 1.8472, 64.7, 58.5, 45.2
102.0176, 5.509, 5.509, 1.9985, 1.9985, 64.8, 57.6, 45.3
102.2259, 5.997, 5.997, 2.1641, 2.1641, 64.9, 58.5, 45.3
102.4179, 5.504, 5.504, 2.001, 2.001, 65.0, 57.9, 45.4
103.2825, 4.996, 4.996, 1.8643, 1.8643, 65.1, 60.3, 45.5
104.3364, 4.497, 4.497, 1.7026, 1.7026, 65.2, 60.2, 45.7
104.5766, 3.992, 3.992, 1.5498, 1.5498, 65.3, 61.4, 45.7
104.7697, 3.504, 3.504, 1.3784, 1.3784, 65.4, 59.6, 45.7
105.01, 2.999, 2.999, 1.2256, 1.2256, 65.5, 61.1, 45.7
105.2795, 3.486, 3.486, 1.3955, 1.3955, 65.6, 62.8, 45.7
106.0024, 3.994, 3.994, 1.543, 1.543, 65.7, 60.5, 45.8
108.7064, 4.504, 4.504, 1.686, 1.686, 65.8, 58.2, 46.2
109.0263, 4.996, 4.996, 1.8589, 1.8589, 65.9, 59.8, 46.2
109.9064, 5.502, 5.502, 2.0181, 2.0181, 66.0, 59.5, 46.4
110.5147, 6.005, 6.005, 2.1738, 2.1738, 66.1, 59.1, 46.6
110.8026, 5.503, 5.503, 2.0259, 2.0259, 66.2, 60.2, 46.7
111.1866, 4.988, 4.988, 1.8882, 1.8882, 66.3, 62.9, 46.7
111.4748, 4.482, 4.482, 1.7358, 1.7358, 66.4, 64.4, 46.8
111.7147, 3.998, 3.998, 1.5571, 1.5571, 66.5, 62.1, 46.8
111.9224, 3.502, 3.502, 1.3867, 1.3867, 66.6, 60.8, 46.8
112.1469, 3.003, 3.003, 1.2222, 1.2222, 66.7, 60.3, 46.8
112.3545, 3.492, 3.492, 1.4014, 1.4014, 66.8, 63.3, 46.8
112.5623, 3.996, 3.996, 1.5571, 1.5571, 66.9, 62.2, 46.8
112.7546, 4.505, 4.505, 1.6987, 1.6987, 67.0, 59.5, 46.9
112.9466, 4.992, 4.992, 1.8755, 1.8755, 67.1, 61.6, 46.9
113.1547, 5.502, 5.502, 2.0171, 2.0171, 67.2, 59.4, 47.0
113.3309, 5.993, 5.993, 2.1924, 2.1924, 67.3, 60.9, 47.0
113.4905, 5.494, 5.494, 2.0327, 2.0327, 67.4, 61.1, 47.0
113.6824, 4.991, 4.991, 1.874, 1.874, 67.5, 61.4, 47.1
113.8748, 4.512, 4.512, 1.6953, 1.6953, 67.6, 58.9, 47.1
114.0665, 3.999, 3.999, 1.5493, 1.5493, 67.7, 61.1, 47.1
114.242, 3.503, 3.503, 1.3867, 1.3867, 67.8, 60.8, 47.1
114.434, 2.999, 2.999, 1.2329, 1.2329, 67.9, 62.3, 47.1
114.61, 3.501, 3.501, 1.3882, 1.3882, 68.0, 61.1, 47.1
115.3299, 3.997, 3.997, 1.5498, 1.5498, 68.1, 61.2, 47.2
118.0505, 4.504, 4.504, 1.7041, 1.7041, 68.2, 60.1, 47.6
118.5621, 4.996, 4.996, 1.8765, 1.8765, 68.3, 61.5, 47.6
119.1541, 5.5, 5.5, 2.0273, 2.0273, 68.4, 60.4, 47.8
119.6183, 5.999, 5.999, 2.1968, 2.1968, 68.5, 61.1, 47.9
119.9221, 5.5, 5.5, 2.0391, 2.0391, 68.6, 61.4, 48.0
120.2261, 5.0, 5.0, 1.8823, 1.8823, 68.7, 62.0, 48.0
120.4341, 4.504, 4.504, 1.7134, 1.7134, 68.8, 61.1, 48.1
120.6581, 4.0, 4.0, 1.562, 1.562, 68.9, 62.6, 48.1
120.8815, 3.501, 3.501, 1.395, 1.395, 69.0, 62.0, 48.1
121.1063, 3.003, 3.003, 1.23, 1.23, 69.1, 61.6, 48.1
121.3298, 3.499, 3.499, 1.3975, 1.3975, 69.2, 62.5, 48.1
121.538, 3.997, 3.997, 1.5576, 1.5576, 69.3, 62.2, 48.1
121.7621, 4.5, 4.5, 1.7163, 1.7163, 69.4, 61.6, 48.2
122.0022, 4.997, 4.997, 1.877, 1.877, 69.5, 61.6, 48.2
123.0398, 5.5, 5.5, 2.0376, 2.0376, 69.6, 61.3, 48.4
123.3462, 6.009, 6.009, 2.1909, 2.1909, 69.7, 60.4, 48.5
123.5705, 5.498, 5.498, 2.0435, 2.0435, 69.8, 61.9, 48.6
123.7942, 4.995, 4.995, 1.8926, 1.8926, 69.9, 63.1, 48.6
124.0019, 4.501, 4.501, 1.7231, 1.7231, 70.0, 62.3, 48.6
124.2261, 3.998, 3.998, 1.564, 1.564, 70.1, 62.9, 48.7
124.4819, 3.503, 3.503, 1.3955, 1.3955, 70.2, 62.0, 48.7
124.7223, 3.0, 3.0, 1.2397, 1.2397, 70.3, 63.4, 48.7
124.946, 3.504, 3.504, 1.3979, 1.3979, 70.4, 62.3, 48.7
125.3139, 3.993, 3.993, 1.5659, 1.5659, 70.5, 63.3, 48.7
130.9626, 4.505, 4.505, 1.7168, 1.7168, 70.5, 61.5, 49.4
133.1223, 0.001, 0.001, -0.0483, -0.0483, 70.4, -152352.5, 49.2
133.4102, 0.5, 0.5, 0.2793, 0.2793, 70.3, -73.8, 49.2
133.7302, 0.998, 0.998, 0.5303, 0.5303, 70.2, 37.6, 49.2
134.0183, 1.499, 1.499, 0.7261, 0.7261, 70.1, 56.5, 49.2
134.3065, 2.005, 2.005, 0.8887, 0.8887, 70.0, 57.3, 49.1
134.5941, 2.005, 2.005, 0.8887, 0.8887, 69.9, 57.3, 49.1
134.8984, 2.502, 2.502, 1.0566, 1.0566, 69.8, 59.5, 49.1
135.1704, 2.507, 2.507, 1.0605, 1.0605, 69.7, 59.9, 49.1
135.5226, 1.995, 1.995, 0.896, 0.896, 69.6, 59.9, 49.1
138.2907, 1.494, 1.494, 0.7266, 0.7266, 69.5, 57.2, 48.9
138.5945, 1.0, 1.0, 0.5269, 0.5269, 69.4, 35.7, 48.9
138.8983, 0.498, 0.498, 0.2935, 0.2935, 69.3, -59.8, 48.9
139.2348, -0.001, -0.001, -0.0278, -0.0278, 69.2, 141867.5, 48.9
139.5225, 0.5, 0.5, 0.2876, 0.2876, 69.1, -65.6, 48.8
139.8903, 1.0, 1.0, 0.5244, 0.5244, 69.0, 34.4, 48.8
140.1944, 1.502, 1.502, 0.7104, 0.7104, 68.9, 51.1, 48.8
140.4987, 2.0, 2.0, 0.8843, 0.8843, 68.8, 56.6, 48.8
140.8668, 2.489, 2.489, 1.0693, 1.0693, 68.7, 62.8, 48.8
141.2025, 2.991, 2.991, 1.2329, 1.2329, 68.6, 62.7, 48.8
141.5066, 2.503, 2.503, 1.0513, 1.0513, 68.5, 58.3, 48.8
141.875, 2.003, 2.003, 0.8857, 0.8857, 68.4, 56.8, 48.8
142.2268, 1.502, 1.502, 0.7129, 0.7129, 68.3, 51.8, 48.7
142.611, 1.003, 1.003, 0.5151, 0.5151, 68.2, 29.5, 48.7
142.9468, 0.498, 0.498, 0.2837, 0.2837, 68.1, -69.3, 48.7
143.2983, -0.001, -0.001, -0.0405, -0.0405, 68.0, 98792.5, 48.7
143.6181, 0.501, 0.501, 0.2769, 0.2769, 67.9, -76.2, 48.6
143.9231, 1.0, 1.0, 0.5259, 0.5259, 67.8, 35.2, 48.6
144.1948, 1.496, 1.496, 0.7183, 0.7183, 67.7, 54.2, 48.6
144.467, 1.997, 1.997, 0.8857, 0.8857, 67.6, 57.3, 48.6
144.6906, 2.503, 2.503, 1.0498, 1.0498, 67.5, 58.1, 48.6
144.9788, 2.999, 2.999, 1.2119, 1.2119, 67.4, 58.8, 48.6
145.2505, 2.5, 2.5, 1.0542, 1.0542, 67.3, 59.2, 48.6
145.5066, 1.999, 1.999, 0.8872, 0.8872, 67.2, 57.4, 48.6
145.7309, 1.5, 1.5, 0.71, 0.71, 67.1, 51.0, 48.6
145.9861, 1.001, 1.001, 0.5205, 0.5205, 67.0, 32.4, 48.5
146.2429, 0.502, 0.502, 0.2808, 0.2808, 66.9, -72.5, 48.5
146.4671, -0.008, -0.008, -0.0234, -0.0234, 66.8, 17372.5, 48.5
146.6906, 0.5, 0.5, 0.2764, 0.2764, 66.7, -76.7, 48.5
146.9468, 0.999, 0.999, 0.5259, 0.5259, 66.6, 35.3, 48.5
147.2188, 1.501, 1.501, 0.7109, 0.7109, 66.5, 51.3, 48.4
147.4586, 2.001, 2.001, 0.8828, 0.8828, 66.4, 56.2, 48.4
147.73, 2.504, 2.504, 1.0415, 1.0415, 66.3, 56.4, 48.4
147.9868, 2.992, 2.992, 1.2246, 1.2246, 66.2, 61.3, 48.4
148.2429, 2.499, 2.499, 1.0586, 1.0586, 66.1, 60.1, 48.4
148.5148, 2.001, 2.001, 0.8833, 0.8833, 66.0, 56.3, 48.4
148.771, 1.497, 1.497, 0.7178, 0.7178, 65.9, 54.0, 48.4
149.043, 1.0, 1.0, 0.52, 0.52, 65.8, 32.4, 48.4
149.347, 0.498, 0.498, 0.2827, 0.2827, 65.7, -70.3, 48.4
149.6191, 0.01, 0.01, -0.0542, -0.0542, 65.6, -15617.0, 48.3
149.9228, 0.491, 0.491, 0.2949, 0.2949, 65.5, -57.8, 48.3
150.1948, 0.996, 0.996, 0.5176, 0.5176, 65.4, 31.6, 48.3
150.515, 1.5, 1.5, 0.708, 0.708, 65.3, 50.4, 48.3
150.915, 1.999, 1.999, 0.8887, 0.8887, 65.2, 57.8, 48.3
151.2989, 2.493, 2.493, 1.0571, 1.0571, 65.1, 60.2, 48.3
151.8748, 2.999, 2.999, 1.2095, 1.2095, 65.0, 58.4, 48.3
152.2909, 2.497, 2.497, 1.0488, 1.0488, 64.9, 58.3, 48.3
152.6748, 1.997, 1.997, 0.8896, 0.8896, 64.8, 58.2, 48.2
152.979, 1.491, 1.491, 0.731, 0.731, 64.7, 58.9, 48.2
153.2824, 0.998, 0.998, 0.522, 0.522, 64.6, 33.6, 48.2
153.5709, 0.503, 0.503, 0.2773, 0.2773, 64.5, -75.9, 48.2
153.891, 0.007, 0.007, -0.0522, -0.0522, 64.4, -22128.2, 48.2
154.1788, 0.501, 0.501, 0.2778, 0.2778, 64.3, -75.3, 48.1
154.4989, 1.001, 1.001, 0.522, 0.522, 64.2, 33.1, 48.1
154.771, 1.496, 1.496, 0.7144, 0.7144, 64.1, 52.9, 48.1
155.1549, 1.999, 1.999, 0.8848, 0.8848, 64.0, 56.8, 48.1
155.8588, 2.496, 2.496, 1.0474, 1.0474, 63.9, 58.0, 48.1
156.7234, 3.001, 3.001, 1.2056, 1.2056, 63.8, 57.7, 48.1
160.9951, 2.504, 2.504, 1.0435, 1.0435, 63.9, 56.8, 48.0
161.2345, 2.007, 2.007, 0.8765, 0.8765, 64.0, 54.2, 48.0
165.0107, 1.505, 1.505, 0.7002, 0.7002, 63.9, 47.4, 47.8
165.4108, 1.006, 1.006, 0.5088, 0.5088, 63.8, 26.0, 47.8
166.243, 0.501, 0.501, 0.2798, 0.2798, 63.7, -73.4, 47.7
166.7228, -0.01, -0.01, -0.0259, -0.0259, 63.6, 13329.6, 47.7
167.4593, 0.503, 0.503, 0.2764, 0.2764, 63.5, -76.8, 47.6
167.9869, 0.996, 0.996, 0.5186, 0.5186, 63.4, 32.1, 47.6
168.419, 1.504, 1.504, 0.7002, 0.7002, 63.3, 47.5, 47.6
168.8509, 2.0, 2.0, 0.8784, 0.8784, 63.2, 55.2, 47.5
169.9232, 2.498, 2.498, 1.042, 1.042, 63.1, 56.9, 47.5
171.0584, 2.997, 2.997, 1.207, 1.207, 63.2, 58.2, 47.5
172.0187, 2.49, 2.49, 1.0557, 1.0557, 63.1, 60.0, 47.5
172.3709, 1.998, 1.998, 0.8833, 0.8833, 63.0, 56.6, 47.5
172.7551, 1.496, 1.496, 0.7129, 0.7129, 62.9, 52.4, 47.5
174.7071, 1.004, 1.004, 0.5098, 0.5098, 62.8, 26.8, 47.4
175.251, 0.507, 0.507, 0.272, 0.272, 62.7, -81.2, 47.3
177.4911, -0.012, -0.012, -0.0215, -0.0215, 62.6, 11004.9, 47.1
177.923, 0.497, 0.497, 0.2861, 0.2861, 62.5, -66.9, 47.1
178.7074, 1.003, 1.003, 0.5098, 0.5098, 62.4, 26.9, 47.1
179.6823, 1.496, 1.496, 0.7134, 0.7134, 62.3, 52.6, 47.0
180.2431, 1.998, 1.998, 0.8828, 0.8828, 62.2, 56.5, 47.0
180.6912, 2.502, 2.502, 1.0356, 1.0356, 62.1, 55.4, 47.0
181.2193, 2.989, 2.989, 1.2085, 1.2085, 62.0, 58.8, 47.0
181.9712, 2.501, 2.501, 1.0366, 1.0366, 61.9, 55.6, 47.0
182.9149, 2.501, 2.501, 1.0366, 1.0366, 61.8, 55.6, 47.0
183.875, 1.497, 1.497, 0.7114, 0.7114, 61.7, 51.9, 46.9
184.2588, 1.006, 1.006, 0.5122, 0.5122, 61.8, 27.7, 46.9
184.5789, 0.5, 0.5, 0.2783, 0.2783, 61.9, -74.7, 46.9
186.435, 0.006, 0.006, -0.0439, -0.0439, 61.8, -25105.8, 46.7
186.8824, 0.51, 0.51, 0.27, 0.27, 61.7, -83.2, 46.7
187.3949, 0.999, 0.999, 0.5127, 0.5127, 61.6, 28.8, 46.7
188.0348, 1.5, 1.5, 0.7026, 0.7026, 61.5, 48.6, 46.6
188.5286, 2.001, 2.001, 0.8804, 0.8804, 61.4, 55.6, 46.6
188.9952, 2.505, 2.505, 1.0303, 1.0303, 61.3, 54.1, 46.6
189.475, 2.995, 2.995, 1.2041, 1.2041, 61.2, 57.8, 46.6
190.1633, 2.497, 2.497, 1.0405, 1.0405, 61.1, 56.6, 46.6
191.2834, 1.998, 1.998, 0.876, 0.876, 61.2, 54.8, 46.6
192.3712, 1.501, 1.501, 0.7075, 0.7075, 61.3, 50.1, 46.5
193.1715, 1.006, 1.006, 0.5112, 0.5112, 61.4, 27.3, 46.5
193.5233, 0.5, 0.5, 0.2793, 0.2793, 61.5, -73.8, 46.4
193.7951, 0.002, 0.002, -0.0381, -0.0381, 61.6, -58941.5, 46.4
194.0036, 0.501, 0.501, 0.2803, 0.2803, 61.7, -72.9, 46.4
194.1953, 0.998, 0.998, 0.52, 0.52, 61.8, 32.6, 46.4
195.2834, 1.5, 1.5, 0.7036, 0.7036, 61.7, 49.0, 46.3
195.6355, 2.0, 2.0, 0.8804, 0.8804, 61.6, 55.7, 46.3
195.9709, 2.499, 2.499, 1.0381, 1.0381, 61.5, 56.1, 46.3
196.3073, 2.999, 2.999, 1.1987, 1.1987, 61.4, 56.7, 46.3
196.6406, 2.489, 2.489, 1.0522, 1.0522, 61.3, 59.4, 46.3
200.2753, 2.004, 2.004, 0.8701, 0.8701, 61.2, 52.8, 46.2
200.7553, 1.51, 1.51, 0.6914, 0.6914, 61.1, 44.1, 46.2
202.5314, 1.51, 1.51, 0.6914, 0.6914, 61.0, 44.1, 46.2
203.2351, 1.002, 1.002, 0.5103, 0.5103, 61.1, 27.2, 46.0
204.5158, 0.001, 0.001, -0.0483, -0.0483, 61.1, -152352.5, 45.9
205.1554, 0.5, 0.5, 0.2764, 0.2764, 61.0, -76.7, 45.9
205.7634, 0.5, 0.5, 0.2764, 0.2764, 60.9, -76.7, 45.9
206.2753, 0.996, 0.996, 0.5278, 0.5278, 60.8, 36.7, 45.8
206.8674, 2.0, 2.0, 0.8691, 0.8691, 60.7, 52.9, 45.8
207.4595, 2.502, 2.502, 1.0312, 1.0312, 60.6, 54.5, 45.8
209.0914, 2.996, 2.996, 1.2021, 1.2021, 60.5, 57.4, 45.8
209.7474, 2.505, 2.505, 1.0312, 1.0312, 60.4, 54.3, 45.8
210.2593, 2.007, 2.007, 0.8687, 0.8687, 60.3, 52.3, 45.8
210.8357, 1.501, 1.501, 0.7051, 0.7051, 60.2, 49.4, 45.8
211.3796, 1.0, 1.0, 0.5093, 0.5093, 60.1, 27.1, 45.7
212.6597, 0.492, 0.492, 0.293, 0.293, 60.0, -59.8, 45.7
212.8837, -0.0, -0.0, -0.0303, -0.0303, 60.1, 286282.5, 45.6
214.1794, 0.5, 0.5, 0.2808, 0.2808, 60.0, -72.4, 45.6
214.7395, 1.004, 1.004, 0.5049, 0.5049, 59.9, 24.4, 45.5
215.2517, 1.501, 1.501, 0.7002, 0.7002, 59.8, 47.8, 45.5
216.1956, 2.0, 2.0, 0.8765, 0.8765, 59.9, 54.7, 45.5
217.0915, 2.5, 2.5, 1.0352, 1.0352, 59.9, 55.4, 45.5
217.5231, 3.002, 3.002, 1.189, 1.189, 59.8, 54.9, 45.5
218.0351, 2.499, 2.499, 1.0312, 1.0312, 59.7, 54.7, 45.5
218.5152, 2.0, 2.0, 0.8721, 0.8721, 59.6, 53.7, 45.5
220.4019, 1.497, 1.497, 0.7109, 0.7109, 59.7, 51.7, 45.4
220.7393, 1.001, 1.001, 0.5093, 0.5093, 59.8, 26.9, 45.4
226.2914, 0.499, 0.499, 0.2808, 0.2808, 59.7, -72.3, 45.0
227.0273, 0.0, 0.0, -0.0381, -0.0381, 59.6, -294317.5, 44.9
228.4354, 0.496, 0.496, 0.2837, 0.2837, 59.5, -69.2, 44.8
229.4911, 1.0, 1.0, 0.5132, 0.5132, 59.4, 29.0, 44.8
230.0512, 1.492, 1.492, 0.7158, 0.7158, 59.3, 53.8, 44.8
230.8834, 2.007, 2.007, 0.8613, 0.8613, 59.2, 50.5, 44.7
231.491, 2.504, 2.504, 1.0273, 1.0273, 59.1, 53.6, 44.7
232.1151, 3.005, 3.005, 1.1821, 1.1821, 59.0, 53.6, 44.8
233.0891, 2.496, 2.496, 1.0371, 1.0371, 58.9, 56.0, 44.7
233.5715, 1.998, 1.998, 0.8818, 0.8818, 59.0, 56.2, 44.7
238.2435, 1.5, 1.5, 0.6973, 0.6973, 59.1, 46.9, 44.5
241.5555, 1.001, 1.001, 0.5068, 0.5068, 59.0, 25.7, 44.3
242.435, 0.502, 0.502, 0.2739, 0.2739, 58.9, -79.1, 44.3
243.1072, -0.001, -0.001, -0.0386, -0.0386, 58.8, 98139.2, 44.2
243.7633, 0.489, 0.489, 0.2974, 0.2974, 58.7, -55.2, 44.2
244.5151, 1.0, 1.0, 0.5073, 0.5073, 58.6, 26.1, 44.2
245.0592, 1.507, 1.507, 0.6938, 0.6938, 58.5, 45.2, 44.1
245.9553, 1.994, 1.994, 0.8726, 0.8726, 58.4, 54.3, 44.1
246.4674, 2.502, 2.502, 1.0254, 1.0254, 58.3, 53.4, 44.1
246.9633, 2.995, 2.995, 1.1938, 1.1938, 58.2, 56.1, 44.1
247.4913, 2.501, 2.501, 1.0273, 1.0273, 58.1, 53.8, 44.1
250.8036, 2.009, 2.009, 0.8594, 0.8594, 58.0, 49.9, 44.1
251.1079, 1.493, 1.493, 0.7139, 0.7139, 58.1, 53.1, 44.0
251.3638, 1.0, 1.0, 0.5063, 0.5063, 58.2, 25.7, 44.0
251.6041, 0.5, 0.5, 0.2778, 0.2778, 58.3, -75.2, 44.0
251.8437, -0.003, -0.003, -0.0332, -0.0332, 58.4, 41233.9, 44.0
252.1161, 0.497, 0.497, 0.2842, 0.2842, 58.5, -68.8, 44.0
252.356, 0.996, 0.996, 0.5151, 0.5151, 58.6, 30.5, 44.0
252.6118, 1.502, 1.502, 0.6973, 0.6973, 58.7, 46.8, 44.0
253.0757, 2.007, 2.007, 0.8589, 0.8589, 58.8, 49.9, 43.9
253.6041, 2.5, 2.5, 1.0337, 1.0337, 58.9, 55.1, 43.9
257.1243, 2.999, 2.999, 1.188, 1.188, 59.0, 54.9, 44.0
257.3634, 2.5, 2.5, 1.0332, 1.0332, 59.1, 55.0, 44.0
257.6975, 1.997, 1.997, 0.8765, 0.8765, 59.2, 55.0, 44.0
258.4994, 1.504, 1.504, 0.6904, 0.6904, 59.3, 44.3, 44.0
258.9155, 1.003, 1.003, 0.5083, 0.5083, 59.4, 26.2, 44.0
261.5257, 0.5, 0.5, 0.2778, 0.2778, 59.3, -75.2, 43.8
262.5, -0.0, -0.0, -0.0332, -0.0332, 59.2, 289222.5, 43.8
263.348, -0.0, -0.0, -0.0332, -0.0332, 59.1, 289222.5, 43.8
264.1, 0.503, 0.503, 0.2749, 0.2749, 59.0, -78.2, 43.7
264.804, 1.496, 1.496, 0.7031, 0.7031, 58.9, 49.3, 43.6
265.4436, 2.0, 2.0, 0.8618, 0.8618, 58.8, 51.1, 43.6
265.9554, 2.506, 2.506, 1.021, 1.021, 58.7, 52.2, 43.6
266.5002, 2.994, 2.994, 1.1919, 1.1919, 58.6, 55.8, 43.6
267.0278, 2.5, 2.5, 1.0278, 1.0278, 58.5, 54.0, 43.6
267.588, 1.999, 1.999, 0.8672, 0.8672, 58.4, 52.6, 43.6
276.4522, 1.495, 1.495, 0.7051, 0.7051, 58.5, 50.0, 43.3
277.604, 1.001, 1.001, 0.5098, 0.5098, 58.4, 27.2, 43.2
279.0279, 0.497, 0.497, 0.2915, 0.2915, 58.3, -61.6, 43.1
279.4922, 0.002, 0.002, -0.0454, -0.0454, 58.2, -60411.5, 43.1
279.9239, 0.499, 0.499, 0.2798, 0.2798, 58.1, -73.3, 43.1
280.3724, 0.998, 0.998, 0.5166, 0.5166, 58.0, 30.9, 43.1
280.8044, 0.998, 0.998, 0.5166, 0.5166, 57.9, 30.9, 43.1
281.5562, 1.497, 1.497, 0.7104, 0.7104, 57.9, 51.5, 43.0
282.2124, 2.499, 2.499, 1.0278, 1.0278, 57.8, 54.0, 43.0
282.7402, 2.499, 2.499, 1.0278, 1.0278, 57.7, 54.0, 43.0
283.1881, 2.489, 2.489, 1.0459, 1.0459, 57.6, 58.2, 43.0
283.7158, 2.0, 2.0, 0.8696, 0.8696, 57.5, 53.0, 43.0
284.244, 1.498, 1.498, 0.7051, 0.7051, 57.4, 49.7, 43.0
284.7399, 1.498, 1.498, 0.7051, 0.7051, 57.3, 49.7, 43.0
285.2521, 0.504, 0.504, 0.2734, 0.2734, 57.2, -79.7, 42.9
285.7644, -0.003, -0.003, -0.0273, -0.0273, 57.1, 47142.5, 42.9
286.3399, 0.506, 0.506, 0.2715, 0.2715, 57.0, -81.6, 42.9
287.0923, 0.999, 0.999, 0.5225, 0.5225, 57.1, 33.6, 42.8
287.3958, 1.496, 1.496, 0.7085, 0.7085, 57.2, 51.0, 42.8
287.694, 2.0, 2.0, 0.8677, 0.8677, 57.3, 52.6, 42.8
287.8924, 2.501, 2.501, 1.0215, 1.0215, 57.4, 52.7, 42.8
288.1644, 3.0, 3.0, 1.1831, 1.1831, 57.5, 54.0, 42.8
288.4839, 2.498, 2.498, 1.0298, 1.0298, 57.6, 54.5, 42.8
288.8046, 1.997, 1.997, 0.8716, 0.8716, 57.7, 53.8, 42.8
289.1082, 1.5, 1.5, 0.7085, 0.7085, 57.8, 50.7, 42.8
289.428, 0.998, 0.998, 0.5088, 0.5088, 57.9, 27.1, 42.8
289.9404, 0.497, 0.497, 0.2881, 0.2881, 58.0, -65.0, 42.8
292.3245, -0.0, -0.0, -0.0366, -0.0366, 57.9, 292652.5, 42.6
292.7403, 0.499, 0.499, 0.2803, 0.2803, 57.8, -72.8, 42.6
293.2042, 0.999, 0.999, 0.5078, 0.5078, 57.7, 26.5, 42.6
293.6365, 1.493, 1.493, 0.707, 0.707, 57.6, 50.9, 42.6
294.0044, 1.997, 1.997, 0.8735, 0.8735, 57.5, 54.3, 42.6
294.3563, 2.508, 2.508, 1.0103, 1.0103, 57.4, 50.0, 42.6
298.5965, 3.0, 3.0, 1.1919, 1.1919, 57.3, 55.5, 42.7
298.8842, 2.486, 2.486, 1.0454, 1.0454, 57.4, 58.3, 42.7
299.1405, 2.002, 2.002, 0.8638, 0.8638, 57.5, 51.5, 42.7
299.4123, 1.502, 1.502, 0.7041, 0.7041, 57.6, 49.0, 42.7
299.6682, 0.994, 0.994, 0.5293, 0.5293, 57.7, 37.6, 42.7
300.0682, 0.497, 0.497, 0.2896, 0.2896, 57.8, -63.5, 42.7
300.4523, 0.005, 0.005, -0.0464, -0.0464, 57.9, -30352.5, 42.6
300.9322, 0.496, 0.496, 0.2817, 0.2817, 58.0, -71.2, 42.6
301.9244, 1.001, 1.001, 0.5063, 0.5063, 58.1, 25.4, 42.6
302.2926, 1.497, 1.497, 0.7095, 0.7095, 58.2, 51.3, 42.5
303.0924, 2.0, 2.0, 0.8672, 0.8672, 58.1, 52.5, 42.5
303.6199, 2.494, 2.494, 1.0361, 1.0361, 58.0, 55.9, 42.5
304.1802, 3.004, 3.004, 1.1807, 1.1807, 57.9, 53.5, 42.6
306.6124, 2.502, 2.502, 1.0259, 1.0259, 57.8, 53.5, 42.6
313.0121, 2.007, 2.007, 0.8662, 0.8662, 57.9, 51.7, 42.4
316.2446, 1.508, 1.508, 0.6904, 0.6904, 57.8, 44.0, 42.3
317.8126, 1.007, 1.007, 0.499, 0.499, 57.7, 21.2, 42.3
318.8047, 0.502, 0.502, 0.2773, 0.2773, 57.6, -75.8, 42.2
319.6847, 0.003, 0.003, -0.0483, -0.0483, 57.5, -43598.9, 42.2
320.4686, 0.501, 0.501, 0.2798, 0.2798, 57.4, -73.4, 42.1
321.4768, 1.004, 1.004, 0.498, 0.498, 57.3, 21.1, 42.1
322.2446, 1.492, 1.492, 0.7114, 0.7114, 57.2, 52.3, 42.0
322.7404, 2.003, 2.003, 0.8638, 0.8638, 57.1, 51.4, 42.0
323.2847, 2.492, 2.492, 1.0396, 1.0396, 57.0, 56.7, 42.0
323.8608, 3.011, 3.011, 1.1719, 1.1719, 56.9, 51.7, 42.1
325.6366, 2.501, 2.501, 1.0239, 1.0239, 57.0, 53.1, 42.1
326.9806, 2.0, 2.0, 0.8682, 0.8682, 57.1, 52.7, 42.0
327.6182, 1.491, 1.491, 0.7148, 0.7148, 57.2, 53.6, 42.0
329.7807, 0.992, 0.992, 0.5239, 0.5239, 57.3, 35.3, 41.9
334.5485, 0.499, 0.499, 0.2754, 0.2754, 57.2, -77.6, 41.7
334.9965, 0.006, 0.006, -0.0527, -0.0527, 57.1, -25840.8, 41.6
335.4606, 0.5, 0.5, 0.2725, 0.2725, 57.0, -80.5, 41.6
335.9247, 1.002, 1.002, 0.5054, 0.5054, 56.9, 24.8, 41.6
336.4048, 1.491, 1.491, 0.7007, 0.7007, 56.8, 49.0, 41.6
336.8689, 2.005, 2.005, 0.8516, 0.8516, 56.7, 48.2, 41.6
337.3651, 2.49, 2.49, 1.0396, 1.0396, 56.6, 56.9, 41.6
337.8766, 2.998, 2.998, 1.1787, 1.1787, 56.5, 53.5, 41.6
338.3567, 2.501, 2.501, 1.0161, 1.0161, 56.4, 51.6, 41.6
338.837, 2.006, 2.006, 0.8569, 0.8569, 56.3, 49.5, 41.6
339.3166, 1.496, 1.496, 0.7056, 0.7056, 56.2, 50.0, 41.6
340.0524, 0.998, 0.998, 0.5098, 0.5098, 56.1, 27.6, 41.5
344.149, 0.496, 0.496, 0.2861, 0.2861, 56.2, -66.9, 41.3
344.4045, 0.01, 0.01, -0.0508, -0.0508, 56.3, -15445.5, 41.3
344.6447, 0.49, 0.49, 0.2944, 0.2944, 56.4, -58.2, 41.3
344.9008, 0.996, 0.996, 0.5176, 0.5176, 56.5, 31.6, 41.3
346.4051, 1.502, 1.502, 0.6973, 0.6973, 56.4, 46.8, 41.3
346.8693, 1.994, 1.994, 0.8696, 0.8696, 56.3, 53.5, 41.2
349.8923, 2.502, 2.502, 1.0171, 1.0171, 56.2, 51.7, 41.3
350.1807, 2.998, 2.998, 1.1812, 1.1812, 56.3, 53.9, 41.3
350.4365, 2.507, 2.507, 1.0176, 1.0176, 56.4, 51.5, 41.3
351.0609, 2.003, 2.003, 0.8633, 0.8633, 56.5, 51.3, 41.3
351.781, 1.505, 1.505, 0.6919, 0.6919, 56.6, 44.7, 41.3
352.2288, 1.505, 1.505, 0.6919, 0.6919, 56.7, 44.7, 41.3
352.6126, 0.5, 0.5, 0.2788, 0.2788, 56.8, -74.3, 41.2
354.4209, -0.002, -0.002, -0.0273, -0.0273, 56.9, 70762.5, 41.1
356.0367, 0.505, 0.505, 0.2686, 0.2686, 56.8, -84.5, 41.0
356.9326, 1.008, 1.008, 0.5005, 0.5005, 56.7, 21.8, 41.0
357.4766, 1.492, 1.492, 0.7046, 0.7046, 56.6, 50.1, 41.0
358.0686, 2.009, 2.009, 0.8501, 0.8501, 56.5, 47.6, 41.0
359.8768, 2.509, 2.509, 1.0181, 1.0181, 56.4, 51.5, 41.0
361.5088, 3.003, 3.003, 1.1772, 1.1772, 56.5, 52.9, 41.1
363.797, 2.508, 2.508, 1.0176, 1.0176, 56.6, 51.5, 41.1
364.5648, 1.996, 1.996, 0.8687, 0.8687, 56.7, 53.1, 41.1
369.0449, 1.502, 1.502, 0.7012, 0.7012, 56.6, 48.0, 40.9
369.9573, 1.002, 1.002, 0.499, 0.499, 56.5, 21.8, 40.9
370.9968, 0.503, 0.503, 0.2739, 0.2739, 56.4, -79.2, 40.9
371.5887, 0.0, 0.0, -0.0264, -0.0264, 56.3, 0, 40.8
372.0528, 0.506, 0.506, 0.27, 0.27, 56.2, -83.1, 40.8
372.4848, 0.993, 0.993, 0.5166, 0.5166, 56.1, 31.5, 40.8
373.0447, 1.492, 1.492, 0.7085, 0.7085, 56.0, 51.4, 40.8
373.653, 1.997, 1.997, 0.8677, 0.8677, 55.9, 52.8, 40.8
374.1169, 2.498, 2.498, 1.0273, 1.0273, 55.8, 54.0, 40.8
374.5647, 2.995, 2.995, 1.1807, 1.1807, 55.7, 53.9, 40.8
377.7656, 2.5, 2.5, 1.0239, 1.0239, 55.6, 53.2, 40.8
378.0371, 1.995, 1.995, 0.8691, 0.8691, 55.7, 53.3, 40.8
378.3568, 1.5, 1.5, 0.7012, 0.7012, 55.8, 48.2, 40.8
378.6926, 1.0, 1.0, 0.5088, 0.5088, 55.9, 26.9, 40.8
378.9811, 0.5, 0.5, 0.2749, 0.2749, 56.0, -78.1, 40.8
379.365, 0.0, 0.0, -0.0415, -0.0415, 56.1, 0, 40.8
382.6131, 0.5, 0.5, 0.2764, 0.2764, 56.0, -76.7, 40.6
383.4611, 0.994, 0.994, 0.5098, 0.5098, 55.9, 28.0, 40.6
383.8449, 1.495, 1.495, 0.6958, 0.6958, 55.8, 46.9, 40.5
385.3331, 2.002, 2.002, 0.8569, 0.8569, 55.8, 49.8, 40.5
388.0532, 2.492, 2.492, 1.04, 1.04, 55.7, 56.8, 40.6
388.3551, 3.001, 3.001, 1.1797, 1.1797, 55.8, 53.4, 40.6
388.645, 2.512, 2.512, 1.0112, 1.0112, 55.9, 50.0, 40.6
389.4925, 2.002, 2.002, 0.8589, 0.8589, 56.0, 50.2, 40.6
389.765, 1.501, 1.501, 0.7026, 0.7026, 56.1, 48.6, 40.6
393.219, 1.001, 1.001, 0.5083, 0.5083, 56.0, 26.4, 40.4
394.7094, 0.494, 0.494, 0.2856, 0.2856, 55.9, -67.2, 40.4
395.3654, -0.006, -0.006, -0.0269, -0.0269, 55.8, 21667.9, 40.3
396.6615, 0.5, 0.5, 0.2803, 0.2803, 55.7, -72.8, 40.3
398.4056, 1.002, 1.002, 0.5049, 0.5049, 55.6, 24.6, 40.2
399.669, 1.501, 1.501, 0.7002, 0.7002, 55.5, 47.8, 40.2
400.2772, 2.002, 2.002, 0.8657, 0.8657, 55.4, 51.9, 40.2
400.8529, 2.509, 2.509, 1.0024, 1.0024, 55.3, 48.5, 40.2
401.4293, 3.003, 3.003, 1.1777, 1.1777, 55.2, 53.0, 40.2
402.197, 2.5, 2.5, 1.0264, 1.0264, 55.1, 53.7, 40.2
402.5814, 2.001, 2.001, 0.8604, 0.8604, 55.2, 50.7, 40.2
402.9012, 1.505, 1.505, 0.6875, 0.6875, 55.3, 43.3, 40.2
403.1891, 0.995, 0.995, 0.5137, 0.5137, 55.4, 29.8, 40.2
404.7731, 0.497, 0.497, 0.2803, 0.2803, 55.5, -72.7, 40.1
405.333, 0.002, 0.002, -0.0454, -0.0454, 55.6, -60411.5, 40.1
408.0532, 0.504, 0.504, 0.2749, 0.2749, 55.5, -78.2, 39.9
408.8056, 0.999, 0.999, 0.5112, 0.5112, 55.4, 28.1, 39.9
409.2213, 1.498, 1.498, 0.6929, 0.6929, 55.3, 45.7, 39.9
410.3258, 2.0, 2.0, 0.8608, 0.8608, 55.2, 50.9, 39.9
413.27, 2.499, 2.499, 1.0269, 1.0269, 55.3, 53.8, 39.9
414.0854, 2.499, 2.499, 1.0269, 1.0269, 55.4, 53.8, 39.9
414.3892, 2.511, 2.511, 1.0088, 1.0088, 55.5, 49.6, 40.0
414.6458, 1.994, 1.994, 0.874, 0.874, 55.6, 54.6, 40.0
415.5256, 1.496, 1.496, 0.7017, 0.7017, 55.7, 48.8, 40.0
416.3899, 1.0, 1.0, 0.5063, 0.5063, 55.8, 25.6, 39.9
418.4538, 0.5, 0.5, 0.2808, 0.2808, 55.7, -72.3, 39.8
418.9812, 0.0, 0.0, -0.0312, -0.0312, 55.6, 0, 39.8
419.8937, 0.497, 0.497, 0.2808, 0.2808, 55.5, -72.2, 39.8
420.4856, 1.001, 1.001, 0.5029, 0.5029, 55.4, 23.8, 39.7
421.0613, 1.504, 1.504, 0.687, 0.687, 55.3, 43.2, 39.7
421.7179, 1.996, 1.996, 0.8667, 0.8667, 55.2, 52.6, 39.7
422.5021, 2.489, 2.489, 1.0327, 1.0327, 55.1, 55.6, 39.7
423.7978, 2.993, 2.993, 1.1904, 1.1904, 55.0, 55.6, 39.8
424.8373, 2.496, 2.496, 1.0327, 1.0327, 55.1, 55.2, 39.8
425.6059, 2.001, 2.001, 0.8594, 0.8594, 55.2, 50.4, 39.8
426.4055, 1.499, 1.499, 0.6958, 0.6958, 55.3, 46.6, 39.8
429.2054, 1.0, 1.0, 0.5068, 0.5068, 55.2, 25.9, 39.7
430.4375, 0.503, 0.503, 0.271, 0.271, 55.1, -82.0, 39.6
431.2219, -0.0, -0.0, -0.0342, -0.0342, 55.2, 290202.5, 39.6
431.9736, 0.502, 0.502, 0.2773, 0.2773, 55.1, -75.8, 39.5
432.4218, 0.997, 0.997, 0.5112, 0.5112, 55.0, 28.4, 39.5
433.1099, 1.5, 1.5, 0.6943, 0.6943, 54.9, 46.0, 39.5
433.7495, 1.997, 1.997, 0.8716, 0.8716, 54.8, 53.8, 39.5
435.1737, 2.5, 2.5, 1.0234, 1.0234, 54.7, 53.1, 39.5
437.8938, 2.5, 2.5, 1.0234, 1.0234, 54.6, 53.1, 39.5
438.3255, 2.99, 2.99, 1.1914, 1.1914, 54.7, 55.9, 39.7
438.646, 2.003, 2.003, 0.8594, 0.8594, 54.8, 50.3, 39.7
438.95, 1.505, 1.505, 0.6938, 0.6938, 54.9, 45.4, 39.7
439.7975, 1.004, 1.004, 0.502, 0.502, 55.0, 23.0, 39.6
440.3256, 1.004, 1.004, 0.502, 0.502, 55.1, 23.0, 39.6
440.6459, 0.497, 0.497, 0.2827, 0.2827, 55.2, -70.3, 39.6
443.1736, 0.494, 0.494, 0.2832, 0.2832, 55.1, -69.6, 39.5
444.038, 1.0, 1.0, 0.5093, 0.5093, 55.0, 27.1, 39.4
444.6936, 1.5, 1.5, 0.6904, 0.6904, 54.9, 44.7, 39.4
445.3178, 1.997, 1.997, 0.8652, 0.8652, 54.8, 52.2, 39.4
445.9898, 2.502, 2.502, 1.0122, 1.0122, 54.7, 50.8, 39.4
448.5498, 3.0, 3.0, 1.1763, 1.1763, 54.8, 52.9, 39.5
448.8699, 2.504, 2.504, 1.0215, 1.0215, 54.9, 52.5, 39.6
449.142, 2.0, 2.0, 0.8608, 0.8608, 55.0, 50.9, 39.5
449.4621, 1.499, 1.499, 0.6978, 0.6978, 55.1, 47.2, 39.5
449.8297, 1.008, 1.008, 0.4951, 0.4951, 55.2, 19.1, 39.5
454.6937, 1.008, 1.008, 0.4951, 0.4951, 55.1, 19.1, 39.5
455.2857, 0.003, 0.003, -0.0322, -0.0322, 55.0, -48154.2, 39.3
456.0539, 0.499, 0.499, 0.2812, 0.2812, 54.9, -71.8, 39.2
456.5661, 1.0, 1.0, 0.5098, 0.5098, 54.8, 27.3, 39.2
457.0939, 1.505, 1.505, 0.6875, 0.6875, 54.7, 43.3, 39.2
457.6222, 1.996, 1.996, 0.8677, 0.8677, 54.6, 52.9, 39.2
461.158, 2.506, 2.506, 1.0137, 1.0137, 54.5, 50.8, 39.3
461.43, 2.996, 2.996, 1.1855, 1.1855, 54.6, 54.7, 39.3
461.6218, 2.496, 2.496, 1.0332, 1.0332, 54.7, 55.2, 39.3
462.2302, 2.0, 2.0, 0.8599, 0.8599, 54.8, 50.7, 39.3
462.8056, 1.501, 1.501, 0.6987, 0.6987, 54.9, 47.3, 39.3
463.4459, 0.997, 0.997, 0.5098, 0.5098, 55.0, 27.7, 39.3
464.774, 0.501, 0.501, 0.2739, 0.2739, 55.1, -79.1, 39.2
465.078, -0.003, -0.003, -0.0264, -0.0264, 55.2, 40253.9, 39.2
466.5338, 0.5, 0.5, 0.2773, 0.2773, 55.1, -75.7, 39.1
467.0943, 1.0, 1.0, 0.5083, 0.5083, 55.0, 26.5, 39.1
467.8142, 1.497, 1.497, 0.7051, 0.7051, 54.9, 49.8, 39.1
468.5504, 2.006, 2.006, 0.8501, 0.8501, 54.8, 47.8, 39.1
470.7262, 2.496, 2.496, 1.0303, 1.0303, 54.7, 54.7, 39.1
474.5975, 3.004, 3.004, 1.1768, 1.1768, 54.8, 52.8, 39.3
474.822, 2.497, 2.497, 1.0361, 1.0361, 54.9, 55.8, 39.3
475.0624, 1.995, 1.995, 0.876, 0.876, 55.0, 55.0, 39.3
475.3502, 1.5, 1.5, 0.7026, 0.7026, 55.1, 48.7, 39.3
475.6701, 1.005, 1.005, 0.5024, 0.5024, 55.2, 23.1, 39.3
477.0622, 0.497, 0.497, 0.2769, 0.2769, 55.3, -76.0, 39.2
477.3823, 0.006, 0.006, -0.0469, -0.0469, 55.4, -23408.3, 39.2
477.7985, 0.006, 0.006, -0.0469, -0.0469, 55.5, -23408.3, 39.2
478.4221, 0.5, 0.5, 0.2769, 0.2769, 55.6, -76.2, 39.2
479.9582, 1.504, 1.504, 0.686, 0.686, 55.5, 42.9, 39.1
480.5186, 2.005, 2.005, 0.855, 0.855, 55.4, 49.1, 39.1
481.126, 2.5, 2.5, 1.0166, 1.0166, 55.3, 51.8, 39.1
481.7505, 3.006, 3.006, 1.1738, 1.1738, 55.2, 52.3, 39.2
482.5188, 2.493, 2.493, 1.0332, 1.0332, 55.1, 55.5, 39.2
484.8384, 2.0, 2.0, 0.8613, 0.8613, 55.2, 51.0, 39.2
485.1425, 1.502, 1.502, 0.6992, 0.6992, 55.3, 47.4, 39.2
485.4463, 0.997, 0.997, 0.5127, 0.5127, 55.4, 29.2, 39.1
485.8143, 0.5, 0.5, 0.2734, 0.2734, 55.5, -79.5, 39.1
488.7262, 0.003, 0.003, -0.042, -0.042, 55.4, -49787.5, 39.0
489.2864, 0.505, 0.505, 0.2749, 0.2749, 55.3, -78.3, 39.0
489.9584, 0.998, 0.998, 0.5093, 0.5093, 55.2, 27.4, 38.9
490.6464, 1.502, 1.502, 0.6982, 0.6982, 55.1, 47.1, 38.9
491.1419, 1.997, 1.997, 0.8657, 0.8657, 55.0, 52.4, 38.9
491.6536, 2.499, 2.499, 1.0254, 1.0254, 54.9, 53.5, 38.9
492.2776, 3.003, 3.003, 1.1675, 1.1675, 54.8, 51.4, 39.0
495.014, 2.501, 2.501, 1.0195, 1.0195, 54.9, 52.3, 39.0
495.6538, 2.007, 2.007, 0.8521, 0.8521, 55.0, 48.3, 39.0
496.2779, 1.492, 1.492, 0.7085, 0.7085, 55.1, 51.4, 39.0
501.6224, 0.998, 0.998, 0.5098, 0.5098, 55.0, 27.5, 38.8
504.3749, 0.5, 0.5, 0.2769, 0.2769, 55.0, -76.2, 38.7
512.8383, 0.5, 0.5, 0.2769, 0.2769, 54.9, -76.2, 38.7
513.1584, -1.002, -1.002, -0.54, -0.54, 54.8, 291.2, 38.4
513.43, 0.0, 0.0, -0.0327, -0.0327, 54.7, -288927.5, 38.4
513.718, 0.501, 0.501, 0.2739, 0.2739, 54.6, -79.1, 38.4
513.9901, 0.997, 0.997, 0.5098, 0.5098, 54.5, 27.7, 38.4
514.2623, 1.496, 1.496, 0.7007, 0.7007, 54.4, 48.4, 38.4
514.566, 1.996, 1.996, 0.8623, 0.8623, 54.3, 51.6, 38.4
514.9022, 2.507, 2.507, 1.0137, 1.0137, 54.2, 50.7, 38.4
515.2065, 2.998, 2.998, 1.1807, 1.1807, 54.1, 53.8, 38.4
515.5427, 2.512, 2.512, 1.0039, 1.0039, 54.0, 48.6, 38.4
515.863, 2.009, 2.009, 0.8438, 0.8438, 53.9, 46.1, 38.4
516.1826, 1.503, 1.503, 0.6909, 0.6909, 53.8, 44.5, 38.4
516.6149, 1.002, 1.002, 0.5078, 0.5078, 53.7, 26.0, 38.4
517.1586, 0.499, 0.499, 0.2764, 0.2764, 53.6, -76.6, 38.4
517.6388, -0.005, -0.005, -0.0288, -0.0288, 53.5, 28393.5, 38.3
518.0703, 0.5, 0.5, 0.2754, 0.2754, 53.4, -77.6, 38.3
518.4549, 1.0, 1.0, 0.5103, 0.5103, 53.3, 27.6, 38.3
518.8389, 1.498, 1.498, 0.6938, 0.6938, 53.2, 46.0, 38.3
520.3076, 2.003, 2.003, 0.8579, 0.8579, 53.1, 49.9, 38.3
520.7109, 2.003, 2.003, 0.8579, 0.8579, 53.0, 49.9, 38.3
521.1269, 2.003, 2.003, 0.8579, 0.8579, 52.9, 49.9, 38.3
521.5428, 2.492, 2.492, 1.0273, 1.0273, 52.8, 54.3, 38.3
521.9108, 1.996, 1.996, 0.8657, 0.8657, 52.7, 52.4, 38.3
523.767, 1.502, 1.502, 0.6978, 0.6978, 52.6, 46.9, 38.3
525.5589, 0.999, 0.999, 0.5083, 0.5083, 52.7, 26.7, 38.2
525.8309, 0.491, 0.491, 0.2842, 0.2842, 52.8, -68.5, 38.2
526.0542, -0.005, -0.005, -0.0312, -0.0312, 52.9, 26026.1, 38.2
526.2945, 0.497, 0.497, 0.2803, 0.2803, 53.0, -72.7, 38.2
535.8946, 1.002, 1.002, 0.5044, 0.5044, 52.9, 24.4, 37.9
536.3903, 1.501, 1.501, 0.6978, 0.6978, 52.8, 47.0, 37.9
536.8546, 1.997, 1.997, 0.8628, 0.8628, 52.7, 51.6, 37.9
539.7666, 2.51, 2.51, 1.0063, 1.0063, 52.8, 49.1, 38.0
540.0545, 3.005, 3.005, 1.1616, 1.1616, 52.9, 50.3, 38.0
540.3426, 2.501, 2.501, 1.0132, 1.0132, 53.0, 51.0, 38.0
541.1905, 1.997, 1.997, 0.8687, 0.8687, 53.1, 53.1, 38.0
541.5108, 1.504, 1.504, 0.687, 0.687, 53.2, 43.2, 38.0
546.6453, 0.999, 0.999, 0.5088, 0.5088, 53.3, 27.0, 37.8
547.3665, 0.501, 0.501, 0.2744, 0.2744, 53.2, -78.6, 37.8
547.7985, 0.501, 0.501, 0.2744, 0.2744, 53.1, -78.6, 37.8
548.3585, -0.002, -0.002, -0.0278, -0.0278, 53.0, 56688.5, 37.7
551.5109, 0.996, 0.996, 0.5093, 0.5093, 52.9, 27.5, 37.6
552.1185, 1.496, 1.496, 0.6938, 0.6938, 52.8, 46.2, 37.6
552.7107, 2.0, 2.0, 0.8589, 0.8589, 52.7, 50.4, 37.6
554.3428, 2.502, 2.502, 1.0103, 1.0103, 52.6, 50.4, 37.7
555.6227, 2.997, 2.997, 1.1763, 1.1763, 52.7, 53.1, 37.7
556.5503, 2.504, 2.504, 1.0107, 1.0107, 52.8, 50.4, 37.8
557.2389, 1.999, 1.999, 0.8652, 0.8652, 52.9, 52.1, 37.8
557.5587, 1.497, 1.497, 0.7026, 0.7026, 53.0, 49.0, 37.8
560.6307, 1.005, 1.005, 0.4956, 0.4956, 52.9, 19.7, 37.7
561.2545, 0.5, 0.5, 0.2769, 0.2769, 52.8, -76.2, 37.6
563.2386, 0.004, 0.004, -0.0356, -0.0356, 52.7, -32516.4, 37.6
566.1672, 0.499, 0.499, 0.2764, 0.2764, 52.7, -76.6, 37.5
568.6789, 0.009, 0.009, -0.0493, -0.0493, 52.6, -17069.2, 37.4
570.1514, 0.498, 0.498, 0.2803, 0.2803, 52.5, -72.7, 37.3
570.5027, 0.999, 0.999, 0.5068, 0.5068, 52.4, 26.0, 37.3
570.9033, 1.496, 1.496, 0.6904, 0.6904, 52.3, 45.1, 37.3
572.4072, 2.0, 2.0, 0.8604, 0.8604, 52.2, 50.8, 37.3
572.6469, 2.503, 2.503, 1.0151, 1.0151, 52.3, 51.3, 37.3
572.8713, 3.003, 3.003, 1.1675, 1.1675, 52.4, 51.4, 37.3
573.1592, 2.502, 2.502, 1.0107, 1.0107, 52.5, 50.5, 37.3
573.5595, 2.001, 2.001, 0.8589, 0.8589, 52.6, 50.3, 37.3
573.8151, 1.498, 1.498, 0.7002, 0.7002, 52.7, 48.1, 37.3
574.2313, 1.0, 1.0, 0.5063, 0.5063, 52.8, 25.6, 37.3
574.4712, 0.501, 0.501, 0.2754, 0.2754, 52.9, -77.7, 37.3
574.7432, 0.0, 0.0, -0.0308, -0.0308, 53.0, 0, 37.3
576.183, 0.498, 0.498, 0.2778, 0.2778, 53.1, -75.1, 37.2
577.2554, 1.0, 1.0, 0.5039, 0.5039, 53.0, 24.4, 37.2
577.5912, 1.5, 1.5, 0.6938, 0.6938, 52.9, 45.8, 37.2
577.9435, 2.002, 2.002, 0.8555, 0.8555, 52.8, 49.4, 37.2
578.2791, 2.502, 2.502, 1.0137, 1.0137, 52.7, 51.0, 37.2
578.5989, 2.997, 2.997, 1.168, 1.168, 52.6, 51.7, 37.2
578.9029, 2.504, 2.504, 1.0098, 1.0098, 52.5, 50.2, 37.2
579.2232, 2.01, 2.01, 0.8452, 0.8452, 52.4, 46.3, 37.2
579.511, 1.499, 1.499, 0.6899, 0.6899, 52.3, 44.7, 37.2
580.0228, 0.991, 0.991, 0.5132, 0.5132, 52.2, 30.1, 37.2
580.5988, 0.499, 0.499, 0.2739, 0.2739, 52.1, -79.0, 37.2
582.215, 0.001, 0.001, -0.042, -0.042, 52.0, -99477.5, 37.1
583.6228, 0.501, 0.501, 0.2725, 0.2725, 51.9, -80.5, 37.1
584.151, 0.999, 0.999, 0.5137, 0.5137, 51.8, 29.3, 37.1
584.6152, 1.504, 1.504, 0.6865, 0.6865, 51.7, 43.0, 37.1
585.2389, 1.999, 1.999, 0.854, 0.854, 51.6, 49.3, 37.1
588.1831, 1.999, 1.999, 0.854, 0.854, 51.7, 49.3, 37.1
588.5032, 2.5, 2.5, 1.0166, 1.0166, 51.8, 51.8, 37.1
589.4156, 2.502, 2.502, 1.0161, 1.0161, 51.9, 51.5, 37.2
589.847, 2.005, 2.005, 0.8511, 0.8511, 52.0, 48.1, 37.2
590.8048, 1.508, 1.508, 0.6836, 0.6836, 52.1, 41.7, 37.1
592.0234, 1.002, 1.002, 0.5039, 0.5039, 52.2, 24.2, 37.1
592.2799, 0.497, 0.497, 0.2778, 0.2778, 52.3, -75.1, 37.1
593.1593, 0.0, 0.0, -0.0356, -0.0356, 52.2, 0, 37.1
593.5593, 0.499, 0.499, 0.2788, 0.2788, 52.1, -74.2, 37.1
595.2073, 1.001, 1.001, 0.5, 0.5, 52.0, 22.4, 37.0
597.3189, 1.503, 1.503, 0.6831, 0.6831, 51.9, 42.0, 37.0
600.5354, 1.989, 1.989, 0.8745, 0.8745, 51.8, 55.1, 37.0
601.3035, 2.5, 2.5, 1.0132, 1.0132, 51.9, 51.1, 37.0
601.5593, 2.987, 2.987, 1.1851, 1.1851, 52.0, 55.0, 37.0
602.4714, 2.501, 2.501, 1.0156, 1.0156, 52.1, 51.5, 37.0
603.5911, 1.998, 1.998, 0.8584, 0.8584, 52.2, 50.5, 37.0
604.4071, 1.497, 1.497, 0.6929, 0.6929, 52.3, 45.8, 37.0
607.3673, 1.008, 1.008, 0.4985, 0.4985, 52.2, 20.9, 37.0
609.1914, 0.501, 0.501, 0.2759, 0.2759, 52.1, -77.2, 36.9
610.4232, 0.0, 0.0, -0.0361, -0.0361, 52.0, 0, 36.8
611.5594, 0.501, 0.501, 0.2744, 0.2744, 51.9, -78.6, 36.8
612.2311, 1.0, 1.0, 0.5054, 0.5054, 51.8, 25.1, 36.8
613.3194, 1.496, 1.496, 0.6919, 0.6919, 51.7, 45.6, 36.8
614.1032, 2.004, 2.004, 0.8506, 0.8506, 51.6, 48.1, 36.8
616.0715, 2.501, 2.501, 1.0112, 1.0112, 51.5, 50.6, 36.8
616.5671, 3.009, 3.009, 1.1567, 1.1567, 51.6, 49.3, 36.9
620.0713, 2.493, 2.493, 1.0269, 1.0269, 51.7, 54.2, 36.9
620.3753, 2.0, 2.0, 0.8545, 0.8545, 51.8, 49.4, 36.9
620.6793, 1.502, 1.502, 0.6899, 0.6899, 51.9, 44.3, 36.9
621.5113, 1.002, 1.002, 0.5024, 0.5024, 52.0, 23.5, 36.9
622.0874, 0.505, 0.505, 0.269, 0.269, 52.1, -84.0, 36.9
622.4875, 0.009, 0.009, -0.0474, -0.0474, 52.2, -16960.3, 36.9
622.8233, 0.501, 0.501, 0.2681, 0.2681, 52.3, -84.8, 36.9
623.1755, 1.0, 1.0, 0.5044, 0.5044, 52.4, 24.7, 36.9
623.9275, 1.506, 1.506, 0.6821, 0.6821, 52.5, 41.5, 36.9
