Time, Id, Iq, Ud, Uq, Velocity, Temperature, Position
5.0009, 0.0, -0.003, -0.0088, 0.0439, 0.0, 29.2, 0.11
5.0019, 0.0, 0.007, -0.0049, 0.0488, 0.0, 29.2, 0.11
5.0029, 0.0, 0.008, -0.0107, 0.0674, 0.0, 29.2, 0.11
5.0039, 0.0, 0.027, -0.0078, 0.0557, 0.0, 29.2, 0.11
5.0049, 0.0, 0.036, -0.0068, 0.0615, 0.0, 29.2, 0.11
5.0059, -0.004, 0.046, -0.0029, 0.0684, 0.0, 29.2, 0.11
5.0069, 0.0, 0.068, -0.0117, 0.0518, 0.0, 29.2, 0.11
5.0079, 0.003, 0.067, -0.0166, 0.0771, 0.0, 29.2, 0.11
5.0089, -0.003, 0.076, -0.0078, 0.082, 0.0, 29.2, 0.11
5.0099, 0.0, 0.09, -0.0068, 0.083, 0.0, 29.2, 0.11
5.0109, 0.008, 0.102, -0.0215, 0.085, 0.051, 29.2, 0.11
5.0119, -0.001, 0.107, -0.0117, 0.0908, 0.153, 29.2, 0.11
5.0129, -0.002, 0.12, -0.0156, 0.0957, 0.051, 29.2, 0.11
5.0139, -0.002, 0.13, -0.0107, 0.1006, 0.0, 29.2, 0.11
5.0149, 0.0, 0.142, -0.0127, 0.0996, 0.0, 28.7, 0.11
5.0159, 0.01, 0.146, -0.0293, 0.1113, 0.0, 28.7, 0.11
5.0169, -0.005, 0.163, -0.0059, 0.1025, 0.051, 28.7, 0.11
5.0179, 0.005, 0.175, -0.0195, 0.1113, 0.153, 28.7, 0.11
5.0189, 0.005, 0.181, -0.0215, 0.1182, 0.051, 28.7, 0.11
5.0199, 0.003, 0.193, -0.0195, 0.1162, 0.0, 28.7, 0.11
5.0209, -0.001, 0.196, -0.0156, 0.1318, 0.051, 28.7, 0.11
5.0219, 0.006, 0.213, -0.0264, 0.125, 0.153, 28.7, 0.11
5.0229, 0.006, 0.214, -0.0195, 0.1426, 0.051, 28.7, 0.11
5.0239, 0.003, 0.223, -0.0186, 0.1533, 0.0, 28.7, 0.11
5.0249, 0.005, 0.234, -0.0234, 0.1562, 0.0, 28.7, 0.11
5.0259, 0.002, 0.253, -0.0205, 0.1504, 0.051, 28.7, 0.11
5.0269, 0.0, 0.261, -0.0176, 0.1582, 0.153, 28.7, 0.11
5.0279, -0.001, 0.271, -0.0146, 0.1641, 0.0, 28.7, 0.11
5.0289, 0.0, 0.279, -0.0146, 0.1689, 0.0, 28.7, 0.11
5.0299, -0.005, 0.292, -0.0078, 0.168, 0.051, 28.7, 0.11
5.0309, -0.001, 0.296, -0.0166, 0.1875, 0.153, 28.7, 0.11
5.0319, 0.001, 0.304, -0.0186, 0.1914, 0.051, 28.7, 0.11
5.0329, 0.0, 0.321, -0.0166, 0.1885, 0.0, 28.7, 0.11
5.0339, 0.0, 0.329, -0.0156, 0.1982, 0.051, 28.7, 0.11
5.0349, 0.0, 0.34, -0.0127, 0.2031, 0.153, 28.7, 0.11
5.0359, -0.002, 0.349, -0.0088, 0.209, 0.051, 28.7, 0.11
5.0369, 0.001, 0.36, -0.0166, 0.209, 0.102, 28.7, 0.11
5.0379, 0.0, 0.368, -0.0146, 0.2139, 0.153, 28.7, 0.11
5.0389, 0.0, 0.375, -0.0186, 0.2236, 0.051, 28.7, 0.11
5.0399, 0.0, 0.39, -0.0156, 0.2246, 0.0, 28.7, 0.11
5.0409, -0.003, 0.398, -0.0127, 0.2334, 0.0, 28.7, 0.11
5.0419, 0.005, 0.409, -0.0254, 0.2354, 0.051, 28.7, 0.11
5.0429, 0.0, 0.417, -0.0166, 0.2471, 0.153, 28.7, 0.11
5.0439, -0.003, 0.427, -0.0107, 0.2461, 0.0, 28.7, 0.11
5.0449, 0.002, 0.439, -0.0205, 0.2529, 0.051, 28.7, 0.11
5.0459, -0.005, 0.448, -0.0088, 0.2559, 0.153, 28.7, 0.11
5.0469, 0.0, 0.462, -0.0088, 0.2637, 0.051, 28.7, 0.11
5.0479, -0.002, 0.468, -0.0098, 0.2676, 0.051, 28.7, 0.11
5.0489, -0.004, 0.478, -0.0059, 0.2754, 0.153, 28.7, 0.11
5.0499, 0.007, 0.487, -0.0254, 0.2754, 0.051, 28.7, 0.11
5.0509, 0.0, 0.501, -0.0146, 0.2822, 0.102, 28.7, 0.11
5.0519, 0.001, 0.51, -0.0166, 0.2842, 0.153, 28.7, 0.11
5.0529, 0.0, 0.519, -0.0166, 0.2949, 0.051, 28.7, 0.11
5.0539, -0.003, 0.533, -0.0088, 0.2891, 0.051, 28.7, 0.11
5.0549, -0.002, 0.538, -0.0127, 0.2969, 0.153, 28.7, 0.11
5.0559, -0.001, 0.55, -0.0156, 0.2979, 0.051, 28.7, 0.11
5.0569, 0.003, 0.555, -0.0244, 0.3105, 0.051, 28.7, 0.11
5.0579, -0.001, 0.567, -0.0088, 0.3125, 0.153, 28.7, 0.11
5.0589, -0.002, 0.581, -0.0078, 0.3154, 0.051, 28.7, 0.11
5.0599, 0.005, 0.582, -0.0205, 0.333, 0.051, 28.7, 0.11
5.0609, 0.007, 0.6, -0.0137, 0.3301, 0.153, 28.7, 0.11
5.0619, 0.002, 0.604, -0.0137, 0.3389, 0.102, 28.7, 0.11
5.0629, 0.003, 0.616, -0.0186, 0.3398, 0.256, 28.7, 0.11
5.0639, -0.005, 0.628, -0.002, 0.3398, 0.205, 28.7, 0.11
5.0649, -0.002, 0.637, -0.0098, 0.3477, 0.102, 28.7, 0.11
5.0659, -0.001, 0.654, -0.0068, 0.3467, 0.256, 28.7, 0.11
5.0669, 0.001, 0.66, -0.0117, 0.3516, 0.205, 28.7, 0.11
5.0679, 0.002, 0.672, -0.0117, 0.3574, 0.102, 28.7, 0.11
5.0689, 0.005, 0.678, -0.0176, 0.3643, 0.307, 28.7, 0.11
5.0699, 0.0, 0.688, -0.0117, 0.3779, 0.46, 28.7, 0.11
5.0709, 0.001, 0.702, -0.0127, 0.373, 0.409, 28.7, 0.11
5.0719, 0.0, 0.71, -0.0088, 0.3789, 0.562, 28.7, 0.11
5.0729, 0.001, 0.72, -0.0127, 0.3838, 0.562, 28.7, 0.12
5.0739, 0.005, 0.726, -0.0195, 0.3887, 0.614, 28.7, 0.12
5.0749, 0.0, 0.743, -0.0068, 0.3828, 0.614, 28.7, 0.12
5.0759, 0.003, 0.745, -0.0166, 0.3975, 0.562, 28.7, 0.12
5.0769, 0.008, 0.765, -0.0098, 0.3936, 0.409, 28.7, 0.12
5.0779, -0.001, 0.77, -0.0049, 0.3955, 0.562, 28.7, 0.12
5.0789, -0.001, 0.783, -0.0049, 0.3926, 0.562, 28.7, 0.12
5.0799, -0.005, 0.787, 0.0059, 0.4072, 0.614, 28.7, 0.12
5.0809, 0.0, 0.8, -0.001, 0.4072, 0.562, 28.7, 0.12
5.0819, -0.003, 0.809, 0.0, 0.4131, 0.409, 28.7, 0.12
5.0829, -0.003, 0.821, 0.002, 0.4131, 0.562, 28.7, 0.12
5.0839, 0.005, 0.828, -0.0107, 0.415, 0.511, 28.7, 0.12
5.0849, 0.001, 0.834, -0.002, 0.4268, 0.409, 28.7, 0.12
5.0859, 0.0, 0.847, 0.002, 0.4326, 0.511, 28.7, 0.12
5.0869, 0.001, 0.86, 0.0, 0.4326, 0.409, 28.7, 0.12
5.0879, -0.004, 0.869, 0.0088, 0.4355, 0.562, 28.7, 0.12
5.0889, 0.0, 0.876, 0.0039, 0.4434, 0.562, 28.7, 0.12
5.0899, -0.003, 0.895, 0.0068, 0.4346, 0.562, 29.8, 0.12
5.0909, 0.0, 0.898, -0.002, 0.4492, 0.409, 29.8, 0.13
5.0919, -0.004, 0.906, 0.0059, 0.4502, 0.562, 29.8, 0.13
5.0929, 0.007, 0.921, -0.0107, 0.4492, 0.562, 29.8, 0.13
5.0939, 0.004, 0.926, -0.0107, 0.46, 0.614, 29.8, 0.13
5.0949, -0.003, 0.946, -0.002, 0.4482, 0.614, 29.8, 0.13
5.0959, -0.004, 0.949, 0.001, 0.4609, 0.614, 29.8, 0.13
5.0969, 0.004, 0.961, -0.0107, 0.4639, 0.614, 29.8, 0.13
5.0979, 0.0, 0.967, -0.0068, 0.4775, 0.665, 29.8, 0.13
5.0989, 0.001, 0.981, -0.0039, 0.4795, 0.767, 29.8, 0.13
5.0999, 0.0, 0.989, -0.0049, 0.4814, 0.716, 29.8, 0.13
5.1009, 0.003, 1.001, -0.0088, 0.4805, 0.818, 29.8, 0.13
5.1019, -0.004, 1.008, 0.0, 0.4941, 0.716, 29.8, 0.13
5.1029, 0.001, 1.022, -0.0176, 0.4971, 0.869, 29.8, 0.13
5.1039, 0.0, 1.029, -0.0166, 0.5039, 0.92, 29.8, 0.13
5.1049, 0.005, 1.041, -0.0186, 0.4961, 0.92, 29.8, 0.14
5.1059, -0.002, 1.052, -0.0068, 0.5029, 0.92, 29.8, 0.14
5.1069, 0.004, 1.055, -0.0146, 0.5166, 1.023, 29.8, 0.14
5.1079, 0.0, 1.064, -0.0137, 0.5195, 1.176, 29.8, 0.14
5.1089, 0.005, 1.08, -0.0195, 0.5156, 1.227, 29.8, 0.14
5.1099, 0.004, 1.087, -0.0273, 0.5283, 1.227, 29.8, 0.14
5.1109, 0.0, 1.098, -0.0156, 0.5303, 1.227, 29.8, 0.14
5.1119, -0.001, 1.104, -0.0215, 0.5371, 1.278, 29.8, 0.14
5.1129, -0.002, 1.117, -0.0195, 0.54, 1.432, 29.8, 0.15
5.1139, -0.002, 1.126, -0.0195, 0.543, 1.329, 29.8, 0.15
5.1149, 0.0, 1.137, -0.0234, 0.5449, 1.534, 29.8, 0.15
5.1159, -0.004, 1.149, -0.0098, 0.542, 1.687, 29.8, 0.15
5.1169, -0.007, 1.164, -0.0127, 0.542, 1.636, 29.8, 0.15
5.1179, -0.005, 1.171, -0.0137, 0.5469, 1.79, 29.8, 0.15
5.1189, 0.0, 1.186, -0.0205, 0.5459, 1.841, 29.8, 0.16
5.1199, -0.003, 1.195, -0.0176, 0.5537, 1.892, 29.8, 0.16
5.1209, -0.01, 1.203, -0.0039, 0.5527, 2.096, 29.8, 0.16
5.1219, 0.002, 1.206, -0.0146, 0.5615, 2.096, 29.8, 0.16
5.1229, -0.007, 1.217, 0.0068, 0.5635, 1.994, 29.8, 0.17
5.1239, 0.003, 1.226, 0.0, 0.5654, 2.045, 29.8, 0.17
5.1249, 0.004, 1.235, 0.0, 0.5625, 1.994, 29.8, 0.17
5.1259, 0.0, 1.248, 0.0127, 0.5635, 1.994, 29.8, 0.17
5.1269, 0.003, 1.255, 0.0127, 0.5645, 1.687, 29.8, 0.17
5.1279, -0.002, 1.269, 0.0293, 0.5566, 1.585, 29.8, 0.17
5.1289, 0.003, 1.277, 0.0254, 0.5625, 1.483, 29.8, 0.17
5.1299, 0.001, 1.287, 0.0332, 0.5596, 1.227, 29.8, 0.18
5.1309, 0.003, 1.303, 0.0283, 0.5527, 1.023, 29.8, 0.18
5.1319, -0.004, 1.313, 0.042, 0.5508, 0.869, 29.8, 0.18
5.1329, -0.002, 1.318, 0.0371, 0.5576, 0.665, 29.8, 0.18
5.1339, 0.0, 1.33, 0.0391, 0.5566, 0.562, 29.8, 0.18
5.1349, -0.001, 1.336, 0.041, 0.5645, 0.358, 29.8, 0.18
5.1359, -0.002, 1.342, 0.0439, 0.5703, 0.307, 29.8, 0.18
5.1369, -0.001, 1.357, 0.042, 0.5684, 0.256, 29.8, 0.18
5.1379, -0.003, 1.359, 0.0439, 0.582, 0.102, 29.8, 0.18
5.1389, 0.005, 1.388, 0.0244, 0.5557, 0.256, 29.8, 0.18
5.1399, 0.0, 1.383, 0.0342, 0.582, 0.205, 29.8, 0.18
5.1409, -0.002, 1.4, 0.0449, 0.5732, 0.102, 29.8, 0.18
5.1419, 0.002, 1.413, 0.0303, 0.5693, 0.153, 29.8, 0.18
5.1429, 0.0, 1.422, 0.0371, 0.5771, 0.102, 29.8, 0.18
5.1439, -0.003, 1.421, 0.0439, 0.5977, 0.256, 29.8, 0.18
5.1449, 0.0, 1.435, 0.0342, 0.5928, 0.256, 29.8, 0.18
5.1459, 0.004, 1.443, 0.0264, 0.5977, 0.205, 29.8, 0.18
5.1469, -0.005, 1.461, 0.0371, 0.5938, 0.153, 29.8, 0.18
5.1479, 0.003, 1.47, 0.0205, 0.5957, 0.307, 29.8, 0.18
5.1489, 0.002, 1.474, 0.0195, 0.6045, 0.46, 29.8, 0.18
5.1499, 0.006, 1.492, 0.0127, 0.5977, 0.358, 29.8, 0.18
5.1509, 0.004, 1.496, 0.0107, 0.6074, 0.358, 29.8, 0.18
5.1519, -0.001, 1.506, 0.0166, 0.6133, 0.46, 29.8, 0.18
5.1529, -0.003, 1.521, 0.0186, 0.6025, 0.358, 29.8, 0.18
5.1539, 0.0, 1.525, 0.0156, 0.6133, 0.358, 29.8, 0.18
5.1549, 0.001, 1.536, 0.0107, 0.6143, 0.46, 29.8, 0.18
5.1559, 0.001, 1.542, 0.0107, 0.6221, 0.358, 29.8, 0.19
5.1569, 0.001, 1.563, 0.0078, 0.6152, 0.307, 29.8, 0.19
5.1579, 0.001, 1.565, 0.0059, 0.6191, 0.307, 29.8, 0.19
5.1589, -0.001, 1.572, 0.0078, 0.6318, 0.307, 29.8, 0.19
5.1599, 0.0, 1.59, 0.0068, 0.626, 0.307, 29.8, 0.19
5.1609, 0.001, 1.604, -0.001, 0.6221, 0.358, 29.8, 0.19
5.1619, 0.0, 1.616, 0.0, 0.6182, 0.46, 29.8, 0.19
5.1629, 0.004, 1.622, -0.0078, 0.6289, 0.358, 29.8, 0.19
5.1639, 0.004, 1.625, -0.0078, 0.6455, 0.307, 28.7, 0.19
5.1649, 0.002, 1.636, -0.0049, 0.6436, 0.358, 28.7, 0.19
5.1659, 0.002, 1.646, -0.0039, 0.6455, 0.46, 28.7, 0.19
5.1669, -0.002, 1.656, 0.0, 0.6465, 0.358, 28.7, 0.19
5.1679, 0.0, 1.675, -0.0078, 0.6396, 0.307, 28.7, 0.19
5.1689, -0.004, 1.679, -0.002, 0.6514, 0.307, 28.7, 0.19
5.1699, -0.002, 1.689, -0.0117, 0.6572, 0.307, 28.7, 0.19
5.1709, -0.002, 1.691, -0.0107, 0.6641, 0.307, 28.7, 0.19
5.1719, 0.0, 1.712, -0.0156, 0.6572, 0.358, 28.7, 0.19
5.1729, 0.001, 1.729, -0.0186, 0.6484, 0.46, 28.7, 0.19
5.1739, 0.0, 1.729, -0.0215, 0.6699, 0.358, 28.7, 0.19
5.1749, -0.003, 1.738, -0.0156, 0.6748, 0.307, 28.7, 0.19
5.1759, 0.001, 1.752, -0.0225, 0.6719, 0.307, 28.7, 0.19
5.1769, -0.002, 1.752, -0.0146, 0.6816, 0.358, 28.7, 0.19
5.1779, 0.0, 1.773, -0.0264, 0.6729, 0.46, 28.7, 0.19
5.1789, 0.003, 1.777, -0.0332, 0.6875, 0.409, 28.7, 0.19
5.1799, -0.006, 1.79, -0.0205, 0.6846, 0.46, 28.7, 0.19
5.1809, -0.005, 1.793, -0.0186, 0.7031, 0.409, 28.7, 0.19
5.1819, 0.005, 1.807, -0.04, 0.7021, 0.46, 28.7, 0.2
5.1829, 0.005, 1.817, -0.042, 0.7041, 0.409, 28.7, 0.2
5.1839, 0.001, 1.828, -0.0371, 0.6982, 0.562, 28.7, 0.2
5.1849, -0.002, 1.833, -0.0303, 0.707, 0.511, 28.7, 0.2
5.1859, -0.008, 1.852, -0.0234, 0.6973, 0.409, 28.7, 0.2
5.1869, 0.001, 1.862, -0.0371, 0.7061, 0.562, 28.7, 0.2
5.1879, 0.0, 1.866, -0.0342, 0.7217, 0.562, 28.7, 0.2
5.1889, 0.001, 1.878, -0.0391, 0.7207, 0.614, 28.7, 0.2
5.1899, 0.005, 1.889, -0.0459, 0.7227, 0.614, 28.7, 0.2
5.1909, 0.007, 1.896, -0.0537, 0.7422, 0.665, 28.7, 0.2
5.1919, 0.006, 1.904, -0.0703, 0.749, 1.074, 28.7, 0.2
5.1929, -0.003, 1.921, -0.0625, 0.751, 1.739, 28.7, 0.21
5.1939, -0.003, 1.933, -0.0586, 0.752, 2.199, 28.7, 0.21
5.1949, -0.005, 1.943, -0.0439, 0.7578, 2.25, 28.7, 0.21
5.1959, -0.004, 1.953, -0.0342, 0.7568, 2.301, 28.7, 0.21
5.1969, -0.004, 1.953, -0.0264, 0.7607, 1.943, 28.7, 0.21
5.1979, -0.002, 1.962, -0.0186, 0.7646, 1.534, 28.7, 0.21
5.1989, 0.0, 1.978, -0.0098, 0.7549, 0.972, 28.7, 0.21
5.1999, -0.007, 1.995, -0.001, 0.7461, 0.511, 28.7, 0.21
5.2009, -0.002, 2.006, -0.0029, 0.7451, 0.307, 28.7, 0.21
5.2019, 0.01, 2.008, -0.0205, 0.7617, 0.102, 28.7, 0.22
5.2029, -0.002, 2.016, -0.0137, 0.7656, 0.307, 28.7, 0.22
5.2039, -0.001, 2.026, -0.0137, 0.7666, 0.511, 28.7, 0.22
5.2049, 0.0, 2.037, -0.0156, 0.7754, 0.665, 28.7, 0.22
5.2059, 0.0, 2.05, -0.0205, 0.7744, 0.818, 28.7, 0.22
5.2069, 0.0, 2.065, -0.0156, 0.7725, 0.818, 28.7, 0.22
5.2079, 0.0, 2.064, -0.0146, 0.7871, 0.716, 28.7, 0.22
5.2089, -0.002, 2.078, -0.0049, 0.7822, 0.716, 28.7, 0.22
5.2099, -0.001, 2.089, -0.0049, 0.7842, 0.46, 28.7, 0.22
5.2109, -0.003, 2.101, -0.002, 0.7812, 0.511, 28.7, 0.22
5.2119, 0.0, 2.104, -0.001, 0.792, 0.358, 28.7, 0.22
5.2129, -0.002, 2.114, 0.0029, 0.791, 0.307, 28.7, 0.22
5.2139, -0.004, 2.134, 0.0029, 0.7861, 0.307, 28.7, 0.22
5.2149, -0.003, 2.136, 0.0049, 0.8008, 0.358, 28.7, 0.22
5.2159, 0.0, 2.156, 0.0, 0.7852, 0.46, 28.7, 0.22
5.2169, 0.0, 2.157, 0.001, 0.8047, 0.409, 28.7, 0.22
5.2179, 0.005, 2.161, -0.0078, 0.8184, 0.562, 28.7, 0.22
5.2189, -0.004, 2.177, 0.0059, 0.8037, 0.614, 28.7, 0.23
5.2199, -0.004, 2.188, 0.0078, 0.8027, 0.614, 28.7, 0.23
5.2209, -0.005, 2.196, 0.0088, 0.8154, 0.614, 28.7, 0.23
5.2219, -0.001, 2.209, 0.0029, 0.8096, 0.614, 28.7, 0.23
5.2229, -0.001, 2.221, 0.0059, 0.8076, 0.562, 28.7, 0.23
5.2239, 0.0, 2.221, 0.0049, 0.8262, 0.409, 28.7, 0.23
5.2249, -0.005, 2.236, 0.0127, 0.8242, 0.511, 28.7, 0.23
5.2259, 0.0, 2.252, 0.0088, 0.8184, 0.409, 28.7, 0.23
5.2269, 0.001, 2.254, 0.0029, 0.834, 0.46, 28.7, 0.23
5.2279, -0.001, 2.266, 0.0088, 0.8301, 0.409, 28.7, 0.23
5.2289, 0.0, 2.283, 0.0078, 0.8154, 0.46, 28.7, 0.23
5.2299, 0.001, 2.282, 0.0, 0.8379, 0.409, 28.7, 0.23
5.2309, 0.004, 2.297, 0.0049, 0.8379, 0.46, 28.7, 0.23
5.2319, -0.001, 2.307, 0.0059, 0.834, 0.409, 28.7, 0.23
5.2329, 0.007, 2.323, 0.0, 0.8271, 0.46, 28.7, 0.23
5.2339, -0.003, 2.329, 0.0146, 0.834, 0.409, 28.7, 0.23
5.2349, -0.002, 2.336, 0.0127, 0.8379, 0.46, 28.7, 0.23
5.2359, -0.004, 2.351, 0.0146, 0.8389, 0.409, 28.7, 0.23
5.2369, 0.002, 2.36, 0.0078, 0.8457, 0.511, 28.7, 0.23
5.2379, 0.007, 2.371, 0.002, 0.8447, 0.409, 29.5, 0.23
5.2389, 0.0, 2.383, 0.0137, 0.8447, 0.511, 29.5, 0.23
5.2399, 0.002, 2.395, 0.0117, 0.8447, 0.358, 29.5, 0.24
5.2409, 0.005, 2.393, 0.0049, 0.8623, 0.358, 29.5, 0.24
5.2419, 0.005, 2.408, 0.0059, 0.8604, 0.46, 29.5, 0.24
5.2429, 0.001, 2.415, 0.0098, 0.8672, 0.409, 29.5, 0.24
5.2439, -0.002, 2.423, 0.0156, 0.8711, 0.46, 29.5, 0.24
5.2449, 0.005, 2.446, 0.0127, 0.8516, 0.409, 29.5, 0.24
5.2459, 0.0, 2.446, 0.0176, 0.8672, 0.46, 29.5, 0.24
5.2469, 0.005, 2.455, 0.0107, 0.873, 0.409, 29.5, 0.24
5.2479, 0.007, 2.469, 0.0098, 0.875, 0.46, 29.5, 0.24
5.2489, 0.0, 2.48, 0.0264, 0.8721, 0.409, 29.5, 0.24
5.2499, 0.006, 2.485, 0.0137, 0.8838, 0.562, 29.5, 0.24
5.2509, 0.006, 2.493, 0.0107, 0.8857, 0.511, 29.5, 0.24
5.2519, -0.001, 2.507, 0.0283, 0.8838, 0.409, 29.5, 0.24
5.2529, 0.002, 2.52, 0.0186, 0.8828, 0.562, 29.5, 0.24
5.2539, -0.005, 2.532, 0.0322, 0.8867, 0.562, 29.5, 0.24
5.2549, 0.0, 2.54, 0.0195, 0.8818, 0.614, 29.5, 0.24
5.2559, 0.004, 2.556, 0.0176, 0.8789, 0.665, 29.5, 0.24
5.2569, 0.001, 2.555, 0.0205, 0.8975, 0.767, 29.5, 0.24
5.2579, 0.001, 2.569, 0.0234, 0.8896, 0.665, 29.5, 0.25
5.2589, 0.001, 2.576, 0.0186, 0.9043, 0.716, 29.5, 0.25
5.2599, -0.001, 2.588, 0.0264, 0.8994, 0.767, 29.5, 0.25
5.2609, 0.006, 2.6, 0.0088, 0.9023, 0.665, 29.5, 0.25
5.2619, -0.003, 2.605, 0.0234, 0.9111, 0.665, 29.5, 0.25
5.2629, 0.002, 2.624, 0.0137, 0.8975, 0.869, 29.5, 0.25
5.2639, 0.003, 2.633, 0.0068, 0.9033, 0.818, 29.5, 0.25
5.2649, 0.0, 2.637, 0.0068, 0.9072, 0.716, 29.5, 0.25
5.2659, -0.005, 2.647, 0.0146, 0.9082, 0.869, 29.5, 0.25
5.2669, 0.001, 2.651, 0.0029, 0.9219, 0.92, 29.5, 0.25
5.2679, 0.0, 2.666, -0.002, 0.9102, 0.92, 29.5, 0.25
5.2689, 0.005, 2.684, -0.0117, 0.9072, 0.869, 29.5, 0.25
5.2699, 0.005, 2.688, -0.0195, 0.915, 0.716, 29.5, 0.26
5.2709, 0.001, 2.705, -0.0176, 0.9121, 0.869, 29.5, 0.26
5.2719, 0.0, 2.707, -0.0264, 0.9258, 0.92, 29.5, 0.26
5.2729, 0.006, 2.717, -0.0322, 0.9238, 0.92, 29.5, 0.26
5.2739, 0.005, 2.734, -0.0381, 0.9111, 0.869, 29.5, 0.26
5.2749, 0.001, 2.736, -0.0371, 0.9316, 0.767, 29.5, 0.26
5.2759, 0.002, 2.743, -0.0439, 0.9355, 0.869, 29.5, 0.26
5.2769, 0.002, 2.759, -0.0508, 0.9326, 0.818, 29.5, 0.26
5.2779, -0.005, 2.768, -0.0439, 0.9355, 0.716, 29.5, 0.26
5.2789, 0.002, 2.775, -0.0508, 0.9434, 0.818, 29.5, 0.26
5.2799, -0.007, 2.784, -0.0391, 0.9482, 0.716, 29.5, 0.26
5.2809, 0.002, 2.797, -0.0527, 0.9492, 0.818, 29.5, 0.26
5.2819, 0.001, 2.808, -0.0488, 0.9502, 0.665, 29.5, 0.27
5.2829, 0.001, 2.82, -0.0488, 0.9453, 0.665, 29.5, 0.27
5.2839, 0.005, 2.834, -0.0498, 0.9473, 0.818, 29.5, 0.27
5.2849, 0.003, 2.838, -0.0527, 0.9521, 0.665, 29.5, 0.27
5.2859, 0.0, 2.843, -0.043, 0.9648, 0.562, 29.5, 0.27
5.2869, -0.001, 2.857, -0.0459, 0.958, 0.409, 29.5, 0.27
5.2879, -0.005, 2.858, -0.0352, 0.9736, 0.562, 29.5, 0.27
5.2889, 0.002, 2.875, -0.0469, 0.9746, 0.562, 29.5, 0.27
5.2899, 0.004, 2.883, -0.0508, 0.9766, 0.614, 29.5, 0.27
5.2909, -0.003, 2.901, -0.043, 0.9639, 0.511, 29.5, 0.27
5.2919, -0.002, 2.911, -0.042, 0.9639, 0.409, 29.5, 0.27
5.2929, 0.0, 2.924, -0.0449, 0.9668, 0.562, 29.5, 0.27
5.2939, 0.005, 2.931, -0.0527, 0.9785, 0.614, 29.5, 0.27
5.2949, -0.005, 2.934, -0.0391, 0.9893, 0.511, 29.5, 0.27
5.2959, -0.001, 2.952, -0.0469, 0.9834, 0.409, 29.5, 0.27
5.2969, -0.002, 2.952, -0.0449, 0.999, 0.562, 29.5, 0.27
5.2979, 0.007, 2.969, -0.0615, 0.9922, 0.562, 29.5, 0.27
5.2989, 0.002, 2.983, -0.0586, 0.9863, 0.511, 29.5, 0.27
5.2999, -0.006, 2.991, -0.0449, 0.9922, 0.409, 29.5, 0.28
5.3009, 0.002, 2.999, -0.0547, 0.9971, 0.562, 29.5, 0.28
5.3019, 0.002, 3.017, -0.0615, 0.9961, 0.562, 29.5, 0.28
5.3029, 0.003, 3.022, -0.0596, 0.998, 0.562, 29.5, 0.28
5.3039, 0.0, 3.02, -0.0547, 1.0225, 0.409, 29.5, 0.28
5.3049, 0.005, 3.035, -0.0635, 1.0215, 0.562, 29.5, 0.28
5.3059, -0.001, 3.044, -0.0557, 1.0293, 0.562, 29.5, 0.28
5.3069, 0.0, 3.062, -0.0566, 1.0186, 0.614, 29.5, 0.28
5.3079, 0.005, 3.07, -0.0645, 1.0254, 0.665, 29.5, 0.28
5.3089, -0.002, 3.083, -0.0557, 1.0234, 0.767, 29.5, 0.28
5.3099, 0.0, 3.087, -0.0547, 1.0361, 0.665, 29.5, 0.28
5.3109, 0.007, 3.096, -0.0693, 1.0439, 0.614, 29.5, 0.28
5.3119, 0.0, 3.108, -0.0566, 1.04, 0.665, 29.5, 0.28
5.3129, 0.005, 3.12, -0.0596, 1.041, 0.869, 29.5, 0.28
5.3139, 0.004, 3.126, -0.0576, 1.0537, 0.818, 29.5, 0.28
5.3149, 0.0, 3.141, -0.0527, 1.0537, 0.716, 29.5, 0.29
5.3159, 0.001, 3.143, -0.0566, 1.0625, 0.818, 29.5, 0.29
5.3169, -0.003, 3.16, -0.0469, 1.0557, 0.767, 29.5, 0.29
5.3179, -0.001, 3.177, -0.0479, 1.0537, 0.869, 29.5, 0.29
5.3189, 0.004, 3.186, -0.0498, 1.0537, 0.92, 29.5, 0.29
5.3199, 0.004, 3.19, -0.0498, 1.0596, 0.869, 29.5, 0.29
5.3209, -0.004, 3.191, -0.0361, 1.0752, 0.716, 29.5, 0.29
5.3219, 0.0, 3.206, -0.0391, 1.0762, 0.869, 29.5, 0.29
5.3229, 0.0, 3.223, -0.041, 1.0703, 0.818, 29.5, 0.29
5.3239, 0.001, 3.24, -0.0361, 1.0576, 0.665, 29.5, 0.29
5.3249, -0.004, 3.231, -0.0254, 1.0859, 0.665, 29.5, 0.29
5.3259, 0.0, 3.244, -0.0293, 1.0869, 0.767, 29.5, 0.29
5.3269, 0.002, 3.254, -0.0283, 1.0918, 0.665, 29.5, 0.3
5.3279, 0.002, 3.264, -0.0283, 1.0957, 0.665, 29.5, 0.3
5.3289, 0.003, 3.276, -0.0293, 1.0977, 0.767, 29.5, 0.3
5.3299, 0.009, 3.289, -0.0342, 1.0957, 0.614, 29.5, 0.3
5.3309, -0.004, 3.296, -0.0195, 1.0986, 0.409, 29.5, 0.3
5.3319, -0.006, 3.313, -0.0117, 1.0928, 0.562, 29.5, 0.3
5.3329, 0.0, 3.316, -0.0195, 1.1035, 0.614, 29.5, 0.3
5.3339, 0.004, 3.33, -0.0225, 1.1035, 0.562, 29.5, 0.3
5.3349, -0.006, 3.338, -0.0088, 1.1084, 0.409, 29.5, 0.3
5.3359, 0.006, 3.35, -0.0205, 1.1055, 0.511, 29.5, 0.3
5.3369, 0.001, 3.358, -0.0146, 1.1143, 0.409, 29.5, 0.3
5.3379, 0.003, 3.371, -0.0137, 1.1094, 0.46, 29.5, 0.3
5.3389, -0.004, 3.376, -0.0029, 1.1211, 0.46, 29.5, 0.3
5.3399, -0.004, 3.386, 0.002, 1.1221, 0.46, 29.5, 0.3
5.3409, -0.003, 3.402, -0.002, 1.1152, 0.358, 29.5, 0.3
5.3419, 0.002, 3.409, -0.0068, 1.123, 0.307, 29.5, 0.3
5.3429, 0.0, 3.412, 0.0, 1.1309, 0.358, 29.5, 0.3
5.3439, -0.004, 3.431, 0.0049, 1.124, 0.46, 29.5, 0.3
5.3449, -0.002, 3.444, 0.002, 1.126, 0.358, 29.5, 0.3
5.3459, 0.0, 3.448, 0.0, 1.1318, 0.307, 29.5, 0.3
5.3469, 0.0, 3.463, 0.0049, 1.1299, 0.307, 29.5, 0.3
5.3479, -0.004, 3.472, 0.0137, 1.1309, 0.307, 29.5, 0.3
5.3489, 0.0, 3.482, 0.0049, 1.1406, 0.307, 29.5, 0.31
5.3499, -0.002, 3.488, 0.0078, 1.1426, 0.307, 29.5, 0.31
5.3509, -0.004, 3.5, 0.0137, 1.1455, 0.307, 29.5, 0.31
5.3519, 0.005, 3.51, -0.001, 1.1475, 0.307, 29.5, 0.31
5.3529, 0.0, 3.517, 0.0078, 1.1475, 0.307, 29.5, 0.31
5.3539, -0.006, 3.529, 0.0156, 1.1465, 0.307, 29.5, 0.31
5.3549, 0.002, 3.532, 0.0078, 1.1689, 0.307, 29.5, 0.31
5.3559, 0.003, 3.541, 0.0049, 1.1631, 0.307, 29.5, 0.31
5.3569, 0.005, 3.55, 0.0029, 1.1689, 0.205, 29.5, 0.31
5.3579, 0.007, 3.565, 0.001, 1.165, 0.102, 29.5, 0.31
5.3589, -0.004, 3.584, 0.0186, 1.1582, 0.256, 29.5, 0.31
5.3599, 0.0, 3.592, 0.0078, 1.1631, 0.256, 29.5, 0.31
5.3609, -0.002, 3.597, 0.0146, 1.1758, 0.307, 29.5, 0.31
5.3619, 0.003, 3.615, 0.0059, 1.1631, 0.307, 29.5, 0.31
5.3629, -0.003, 3.615, 0.0205, 1.1836, 0.205, 29.5, 0.31
5.3639, 0.006, 3.635, 0.0117, 1.1709, 0.102, 29.5, 0.31
5.3649, -0.003, 3.639, 0.0195, 1.1797, 0.256, 29.5, 0.31
5.3659, 0.0, 3.656, 0.0146, 1.167, 0.256, 29.5, 0.31
5.3669, -0.003, 3.652, 0.0205, 1.1943, 0.205, 29.5, 0.31
5.3679, -0.003, 3.673, 0.0244, 1.1807, 0.102, 29.5, 0.31
5.3689, 0.0, 3.68, 0.0146, 1.1895, 0.256, 29.5, 0.31
5.3699, 0.004, 3.689, 0.0137, 1.1895, 0.256, 29.5, 0.31
5.3709, -0.001, 3.705, 0.0225, 1.1846, 0.205, 29.5, 0.31
5.3719, -0.011, 3.715, 0.0371, 1.1885, 0.102, 29.5, 0.31
5.3729, -0.002, 3.72, 0.0264, 1.2002, 0.205, 29.5, 0.31
5.3739, 0.005, 3.727, 0.0186, 1.2012, 0.102, 29.5, 0.31
5.3749, 0.006, 3.733, 0.0088, 1.21, 0.256, 29.5, 0.31
5.3759, -0.004, 3.746, 0.0332, 1.207, 0.205, 29.5, 0.31
5.3769, -0.009, 3.76, 0.04, 1.2041, 0.102, 29.5, 0.31
5.3779, 0.002, 3.765, 0.0244, 1.2168, 0.153, 29.5, 0.31
5.3789, 0.0, 3.784, 0.0303, 1.2051, 0.102, 29.5, 0.31
5.3799, 0.004, 3.79, 0.0254, 1.2158, 0.153, 29.5, 0.31
5.3809, 0.003, 3.8, 0.0234, 1.2178, 0.102, 29.5, 0.31
5.3819, -0.002, 3.811, 0.0312, 1.2139, 0.153, 29.5, 0.31
5.3829, -0.002, 3.817, 0.0322, 1.2227, 0.102, 29.5, 0.31
5.3839, 0.0, 3.821, 0.0312, 1.2295, 0.153, 29.5, 0.31
5.3849, 0.001, 3.843, 0.0283, 1.2188, 0.102, 29.5, 0.31
5.3859, 0.0, 3.849, 0.0273, 1.2246, 0.256, 29.5, 0.31
5.3869, 0.0, 3.852, 0.0381, 1.2432, 0.153, 29.5, 0.31
5.3879, 0.001, 3.875, 0.0303, 1.2246, 0.102, 29.5, 0.31
5.3889, 0.008, 3.885, 0.0205, 1.2275, 0.153, 29.5, 0.31
5.3899, -0.002, 3.891, 0.0342, 1.2412, 0.102, 29.5, 0.31
5.3909, 0.004, 3.9, 0.0254, 1.2402, 0.256, 29.5, 0.31
5.3919, 0.0, 3.914, 0.0303, 1.2373, 0.256, 29.5, 0.31
5.3929, 0.0, 3.931, 0.0371, 1.2314, 0.205, 29.5, 0.31
5.3939, -0.001, 3.927, 0.0361, 1.251, 0.102, 29.5, 0.32
5.3949, 0.003, 3.949, 0.0303, 1.2344, 0.256, 29.5, 0.32
5.3959, 0.013, 3.954, 0.0117, 1.2451, 0.205, 29.5, 0.32
5.3969, 0.007, 3.966, 0.0264, 1.2461, 0.102, 29.5, 0.32
5.3979, -0.003, 3.967, 0.041, 1.2617, 0.256, 29.5, 0.32
5.3989, 0.003, 3.986, 0.0352, 1.248, 0.205, 29.5, 0.32
5.3999, -0.001, 3.984, 0.0342, 1.2734, 0.102, 29.5, 0.32
5.4009, 0.0, 3.998, 0.0439, 1.2656, 0.256, 29.5, 0.32
5.4019, -0.006, 4.01, 0.0469, 1.2705, 0.256, 29.5, 0.32
5.4029, 0.006, 4.021, 0.0283, 1.2705, 0.205, 29.5, 0.32
5.4039, 0.0, 4.028, 0.0439, 1.2754, 0.102, 29.5, 0.32
5.4049, -0.002, 4.041, 0.0449, 1.2715, 0.256, 29.5, 0.32
5.4059, 0.001, 4.046, 0.0332, 1.2793, 0.256, 29.5, 0.32
5.4069, -0.001, 4.063, 0.0469, 1.2695, 0.205, 29.5, 0.32
5.4079, -0.001, 4.074, 0.0449, 1.2734, 0.102, 29.5, 0.32
5.4089, -0.002, 4.088, 0.0439, 1.2686, 0.256, 29.5, 0.32
5.4099, 0.001, 4.076, 0.0391, 1.3018, 0.256, 29.5, 0.32
5.4109, 0.001, 4.108, 0.0459, 1.2812, 0.205, 29.5, 0.32
5.4119, 0.006, 4.107, 0.0371, 1.29, 0.102, 29.5, 0.32
5.4129, -0.001, 4.122, 0.0488, 1.2842, 0.256, 29.5, 0.32
5.4139, -0.001, 4.133, 0.0508, 1.2871, 0.256, 29.5, 0.32
5.4149, -0.002, 4.146, 0.0488, 1.291, 0.307, 29.5, 0.32
5.4159, -0.007, 4.15, 0.0615, 1.3008, 0.307, 29.5, 0.32
5.4169, -0.002, 4.15, 0.0547, 1.3105, 0.307, 29.5, 0.32
5.4179, -0.008, 4.178, 0.0586, 1.293, 0.307, 29.5, 0.32
5.4189, -0.002, 4.181, 0.0449, 1.3076, 0.307, 29.5, 0.32
5.4199, -0.001, 4.182, 0.0508, 1.3203, 0.307, 29.5, 0.32
5.4209, -0.006, 4.201, 0.0537, 1.3096, 0.307, 29.5, 0.32
5.4219, -0.002, 4.215, 0.0498, 1.3135, 0.307, 29.5, 0.32
5.4229, -0.001, 4.227, 0.0527, 1.3096, 0.307, 29.5, 0.32
5.4239, 0.009, 4.234, 0.041, 1.3096, 0.307, 29.5, 0.32
5.4249, 0.003, 4.232, 0.0449, 1.333, 0.307, 29.5, 0.32
5.4259, 0.004, 4.245, 0.0508, 1.3291, 0.307, 29.5, 0.32
5.4269, 0.001, 4.262, 0.0537, 1.3232, 0.307, 29.5, 0.32
5.4279, 0.0, 4.274, 0.0547, 1.3203, 0.307, 29.5, 0.32
5.4289, -0.004, 4.28, 0.0674, 1.3213, 0.307, 29.5, 0.32
5.4299, 0.0, 4.289, 0.0645, 1.3291, 0.307, 29.5, 0.32
5.4309, -0.002, 4.294, 0.0625, 1.3389, 0.307, 29.5, 0.33
5.4319, 0.001, 4.312, 0.0566, 1.332, 0.307, 29.5, 0.33
5.4329, 0.004, 4.315, 0.0527, 1.3408, 0.358, 29.5, 0.33
5.4339, -0.001, 4.323, 0.0586, 1.3408, 0.46, 29.5, 0.33
5.4349, -0.007, 4.336, 0.0732, 1.3438, 0.358, 29.5, 0.33
5.4359, 0.004, 4.351, 0.0586, 1.3447, 0.307, 29.5, 0.33
5.4369, 0.0, 4.358, 0.0576, 1.3477, 0.358, 29.5, 0.33
5.4379, 0.0, 4.378, 0.0605, 1.3389, 0.46, 29.5, 0.33
5.4389, 0.002, 4.38, 0.0625, 1.3496, 0.409, 29.5, 0.33
5.4399, 0.004, 4.392, 0.0557, 1.3457, 0.562, 29.5, 0.33
5.4409, -0.003, 4.402, 0.0693, 1.3496, 0.511, 29.5, 0.33
5.4419, -0.007, 4.413, 0.0684, 1.3486, 0.409, 29.5, 0.33
5.4429, 0.0, 4.419, 0.0635, 1.3604, 0.562, 29.5, 0.33
5.4439, -0.002, 4.439, 0.0684, 1.3516, 0.562, 29.5, 0.33
5.4449, 0.003, 4.437, 0.0576, 1.3721, 0.614, 29.5, 0.33
5.4459, 0.0, 4.444, 0.0596, 1.374, 0.665, 29.5, 0.33
5.4469, -0.002, 4.455, 0.0654, 1.376, 0.767, 29.5, 0.33
5.4479, 0.0, 4.466, 0.0635, 1.375, 0.716, 29.5, 0.33
5.4489, -0.001, 4.475, 0.0635, 1.375, 0.818, 29.5, 0.34
5.4499, -0.001, 4.492, 0.0635, 1.3682, 0.716, 29.5, 0.34
5.4509, -0.002, 4.504, 0.0586, 1.3691, 0.869, 29.5, 0.34
5.4519, 0.0, 4.511, 0.0596, 1.3701, 0.92, 29.5, 0.34
5.4529, 0.0, 4.516, 0.0527, 1.3818, 0.92, 29.5, 0.34
5.4539, 0.005, 4.528, 0.0439, 1.377, 0.92, 29.5, 0.34
5.4549, 0.005, 4.538, 0.04, 1.3789, 0.972, 29.5, 0.34
5.4559, 0.004, 4.553, 0.0342, 1.374, 1.125, 29.5, 0.34
5.4569, -0.002, 4.561, 0.0381, 1.3818, 1.023, 29.5, 0.34
5.4579, 0.0, 4.571, 0.0283, 1.3799, 1.176, 29.5, 0.34
5.4589, 0.006, 4.581, 0.0176, 1.3818, 1.227, 29.5, 0.35
5.4599, 0.0, 4.591, 0.0273, 1.3916, 1.227, 29.5, 0.35
5.4609, 0.001, 4.6, 0.0215, 1.3896, 1.227, 29.2, 0.35
5.4619, 0.007, 4.615, -0.001, 1.3809, 1.278, 29.2, 0.35
5.4629, 0.011, 4.625, -0.0176, 1.3818, 1.432, 29.2, 0.35
5.4639, 0.0, 4.635, -0.0244, 1.3916, 1.278, 29.2, 0.35
5.4649, 0.001, 4.641, -0.043, 1.3955, 1.329, 29.2, 0.35
5.4659, 0.004, 4.641, -0.0596, 1.4141, 1.432, 29.2, 0.36
5.4669, 0.003, 4.65, -0.0723, 1.4229, 1.278, 29.2, 0.36
5.4679, 0.004, 4.668, -0.082, 1.4199, 1.227, 29.2, 0.36
5.4689, 0.003, 4.682, -0.082, 1.4189, 1.227, 29.2, 0.36
5.4699, 0.0, 4.697, -0.085, 1.4062, 1.278, 29.2, 0.36
5.4709, 0.001, 4.698, -0.0869, 1.4229, 1.432, 29.2, 0.36
5.4719, -0.002, 4.7, -0.0781, 1.4424, 1.278, 29.2, 0.36
5.4729, 0.003, 4.725, -0.0869, 1.4268, 1.329, 29.2, 0.36
5.4739, 0.002, 4.735, -0.0859, 1.4287, 1.432, 29.2, 0.37
5.4749, 0.0, 4.739, -0.0781, 1.4404, 1.278, 29.2, 0.37
5.4759, -0.009, 4.747, -0.0615, 1.4502, 1.227, 29.2, 0.37
5.4769, -0.001, 4.756, -0.0674, 1.4473, 1.227, 29.2, 0.37
5.4779, -0.006, 4.765, -0.0635, 1.4502, 1.227, 29.2, 0.37
5.4789, -0.006, 4.777, -0.0547, 1.4512, 1.176, 29.2, 0.37
5.4799, 0.004, 4.786, -0.0664, 1.4502, 0.972, 29.2, 0.37
5.4809, 0.001, 4.805, -0.0605, 1.4482, 1.023, 29.2, 0.37
5.4819, 0.0, 4.805, -0.0547, 1.46, 1.125, 29.2, 0.38
5.4829, 0.0, 4.818, -0.0498, 1.4609, 0.869, 29.2, 0.38
5.4839, 0.0, 4.836, -0.0469, 1.4482, 0.767, 29.2, 0.38
5.4849, -0.002, 4.836, -0.042, 1.4639, 0.818, 29.2, 0.38
5.4859, 0.001, 4.852, -0.0459, 1.458, 0.665, 29.2, 0.38
5.4869, -0.004, 4.863, -0.0273, 1.46, 0.562, 29.2, 0.38
5.4879, 0.001, 4.868, -0.0371, 1.4707, 0.409, 29.2, 0.38
5.4889, 0.004, 4.887, -0.0381, 1.4629, 0.511, 29.2, 0.38
5.4899, -0.001, 4.882, -0.0283, 1.4766, 0.409, 29.2, 0.38
5.4909, -0.012, 4.899, -0.0186, 1.4736, 0.46, 29.2, 0.38
5.4919, -0.007, 4.907, -0.0176, 1.4824, 0.358, 29.2, 0.38
5.4929, 0.003, 4.92, -0.0312, 1.4824, 0.307, 29.2, 0.38
5.4939, -0.012, 4.933, -0.0156, 1.4795, 0.307, 29.2, 0.38
5.4949, -0.005, 4.934, -0.0195, 1.4941, 0.307, 29.2, 0.38
5.4959, 0.0, 4.957, -0.0205, 1.4844, 0.307, 29.2, 0.38
5.4969, 0.001, 4.965, -0.0312, 1.4746, 0.307, 29.2, 0.38
5.4979, -0.007, 4.969, -0.0127, 1.4961, 0.307, 29.2, 0.38
5.4989, 0.001, 4.983, -0.0273, 1.4912, 0.307, 29.2, 0.38
5.4999, 0.011, 4.988, -0.0371, 1.5039, 0.205, 29.2, 0.38
5.5009, -0.004, 4.997, -0.0137, 1.5059, 0.102, 29.2, 0.38
