commande, current 
0.0, 0.0
0.0, 0.0
-0.0001, 0.001
0.0, 0.0
0.0, 0.0
0.0, 0.0
0.0, 0.0
0.0, 0.0
0.0, 0.0
0.0, 0.0
0.0, 0.0
0.0, 0.0
0.0, 0.0
0.0, 0.0
0.0, 0.0
0.0, 0.0
0.0, 0.0
0.0, 0.0
0.0, 0.0
0.0, 0.0
0.0, 0.0
0.0, 0.0
-0.0005, 0.006
-0.0027, 0.024
-0.0016, -0.002
-0.0015, 0.0
-0.002, 0.008
-0.003, 0.018
-0.0027, 0.011
-0.0029, 0.012
-0.0023, 0.005
-0.0019, 0.005
-0.0025, 0.014
-0.0023, 0.013
-0.0021, 0.012
-0.0026, 0.019
-0.0026, 0.018
-0.003, 0.022
-0.0021, 0.012
-0.0016, 0.011
-0.0014, 0.018
-0.0017, 0.022
-0.0013, 0.02
-0.0021, 0.03
-0.0016, 0.022
-0.0016, 0.025
-0.0014, 0.024
-0.0012, 0.023
-0.0015, 0.029
-0.0015, 0.03
-0.0016, 0.031
-0.0015, 0.031
-0.0015, 0.033
-0.0009, 0.027
-0.0011, 0.033
-0.002, 0.042
-0.001, 0.043
-0.0009, 0.043
-0.0012, 0.047
0.0289, 0.781
0.0294, 0.781
0.0301, 0.801
0.0305, 0.804
0.0298, 0.813
0.0306, 0.812
0.0314, 0.812
0.0302, 0.825
0.0316, 0.831
0.0314, 0.84
0.0316, 0.836
0.0323, 0.841
0.0323, 0.845
0.0324, 0.853
0.0326, 0.855
0.0326, 0.861
0.0329, 0.87
0.0334, 0.873
0.0333, 0.877
0.0332, 0.886
0.034, 0.883
0.0338, 0.885
0.034, 0.893
0.0338, 0.901
0.0329, 0.918
0.0327, 0.918
0.0327, 0.92
0.0327, 0.922
0.0333, 0.921
0.0336, 0.925
0.034, 0.93
0.0341, 0.939
0.0335, 0.957
0.0343, 0.952
0.0343, 0.959
0.0338, 0.975
0.0337, 0.97
0.0346, 0.967
0.0343, 0.982
0.0348, 0.979
0.0346, 0.996
0.0351, 0.991
0.0344, 1.004
0.0349, 1.003
0.0348, 1.012
0.0352, 1.013
0.0361, 1.01
0.0363, 1.013
0.036, 1.03
0.0361, 1.034
0.0359, 1.039
0.0354, 1.049
0.0362, 1.046
0.0356, 1.054
0.0363, 1.057
0.0371, 1.054
0.0369, 1.067
0.0376, 1.068
0.0378, 1.072
0.0374, 1.082
0.0371, 1.087
0.0361, 1.096
0.0377, 1.089
0.0376, 1.097
0.0373, 1.112
0.0373, 1.117
0.0377, 1.122
0.0378, 1.122
0.0371, 1.133
0.0376, 1.136
0.0384, 1.132
0.0376, 1.143
0.0382, 1.151
0.0381, 1.159
0.0387, 1.157
0.0384, 1.166
0.0384, 1.17
0.0387, 1.17
0.0388, 1.171
0.0392, 1.175
0.0391, 1.19
0.0395, 1.2
0.0444, 1.497
0.0449, 1.494
0.0443, 1.497
0.0431, 1.509
0.0439, 1.502
0.0442, 1.499
0.0453, 1.514
0.0452, 1.514
0.0441, 1.523
0.0438, 1.53
0.0438, 1.527
0.0443, 1.521
0.0453, 1.518
0.0443, 1.523
0.0448, 1.545
0.0445, 1.548
0.0452, 1.542
0.046, 1.53
0.0458, 1.533
0.0449, 1.542
0.0447, 1.543
0.0457, 1.529
0.0446, 1.569
0.0447, 1.571
0.0455, 1.561
0.0459, 1.558
0.0458, 1.558
0.0455, 1.562
0.0459, 1.559
0.0457, 1.56
0.0468, 1.573
0.0463, 1.577
0.0457, 1.583
0.046, 1.579
0.046, 1.581
0.0461, 1.581
0.0458, 1.581
0.0467, 1.572
0.0469, 1.597
0.047, 1.596
0.0466, 1.598
0.0457, 1.608
0.0461, 1.601
0.047, 1.595
0.0472, 1.594
0.0472, 1.597
0.0468, 1.623
0.0472, 1.62
0.0464, 1.626
0.0463, 1.627
0.0474, 1.615
0.0472, 1.619
0.0474, 1.616
0.0475, 1.614
0.0475, 1.639
0.0472, 1.64
0.0472, 1.641
0.0475, 1.638
0.0482, 1.631
0.0471, 1.644
0.0473, 1.641
0.0478, 1.634
0.0479, 1.66
0.0478, 1.658
0.0471, 1.666
0.0486, 1.649
0.0477, 1.669
0.0484, 1.656
0.0479, 1.663
0.0477, 1.657
0.0481, 1.683
0.0482, 1.676
0.0479, 1.682
0.049, 1.674
0.0482, 1.676
0.0491, 1.671
0.0479, 1.684
0.049, 1.672
0.0488, 1.698
0.0479, 1.704
0.0489, 1.697
0.0486, 1.698
0.0481, 1.701
0.0483, 1.705
0.0485, 1.693
0.0478, 1.707
0.0478, 1.707
0.0487, 1.722
0.0488, 1.721
0.0488, 1.722
0.0492, 1.72
0.0486, 1.723
0.0492, 1.719
0.0493, 1.714
0.0487, 1.745
0.0497, 1.741
0.049, 1.745
0.0489, 1.744
0.0493, 1.739
0.049, 1.742
0.0497, 1.741
0.049, 1.741
0.05, 1.762
0.0497, 1.763
0.0508, 1.754
0.0506, 1.755
0.0499, 1.764
0.0493, 1.76
0.0505, 1.754
0.0496, 1.766
0.0506, 1.779
0.0506, 1.779
0.0505, 1.78
0.0507, 1.776
0.0513, 1.771
0.0501, 1.784
0.05, 1.783
0.0507, 1.778
0.0513, 1.796
0.0504, 1.8
0.0517, 1.795
0.0511, 1.799
0.0508, 1.799
0.0512, 1.8
0.0504, 1.803
0.0515, 1.792
0.052, 1.808
0.0517, 1.813
0.0518, 1.816
0.0515, 1.818
0.0506, 1.829
0.052, 1.809
0.0512, 1.819
0.0511, 1.821
0.0518, 1.833
0.0517, 1.841
0.0512, 1.843
0.0517, 1.84
0.0517, 1.841
0.0515, 1.843
0.0518, 1.839
0.051, 1.844
0.052, 1.859
0.0521, 1.854
0.052, 1.861
0.0522, 1.858
0.0522, 1.856
0.0533, 1.849
0.0518, 1.866
0.0531, 1.854
0.052, 1.882
0.0517, 1.884
0.0526, 1.881
0.052, 1.883
0.0527, 1.875
0.0528, 1.877
0.0525, 1.878
0.0525, 1.88
0.053, 1.902
0.0529, 1.898
0.0529, 1.898
0.053, 1.897
0.0525, 1.908
0.0531, 1.902
0.0527, 1.904
0.0523, 1.902
0.0537, 1.919
0.054, 1.915
0.0542, 1.913
0.0542, 1.913
0.0535, 1.918
0.0535, 1.92
0.0535, 1.918
0.0536, 1.917
0.0542, 1.933
0.0543, 1.942
0.054, 1.937
0.0539, 1.938
0.0527, 1.95
0.0533, 1.944
0.0541, 1.935
0.054, 1.937
0.0539, 1.959
0.054, 1.965
0.0544, 1.957
0.0542, 1.955
0.0543, 1.964
0.0539, 1.96
0.0539, 1.959
0.0541, 1.961
0.0544, 1.958
0.0546, 1.981
0.0543, 1.983
0.0555, 1.968
0.0548, 1.976
0.0552, 1.979
0.055, 1.977
0.0544, 1.985
0.0545, 2.006
0.0561, 1.99
0.0549, 2.002
0.0557, 1.989
0.0551, 2.0
0.0551, 2.0
0.0555, 1.992
0.0548, 2.0
0.0553, 2.02
0.0557, 2.015
0.0551, 2.021
0.0558, 2.014
0.0557, 2.018
0.0553, 2.019
0.0557, 2.017
0.0554, 2.018
0.0564, 2.031
0.0552, 2.045
0.0558, 2.039
0.0554, 2.042
0.0562, 2.038
0.0569, 2.027
0.0554, 2.042
0.0556, 2.041
0.0562, 2.06
0.0566, 2.057
0.0562, 2.062
0.0556, 2.064
0.0563, 2.06
0.0563, 2.059
0.0568, 2.056
0.0561, 2.061
0.0568, 2.079
0.0563, 2.086
0.057, 2.078
0.0573, 2.074
0.0565, 2.083
0.0563, 2.08
0.0569, 2.076
0.0562, 2.082
0.0571, 2.098
0.0573, 2.095
0.0576, 2.1
0.0566, 2.107
0.0571, 2.098
0.0577, 2.091
0.0569, 2.102
0.0577, 2.092
0.057, 2.122
0.0564, 2.127
0.0577, 2.119
0.0568, 2.128
0.058, 2.117
0.058, 2.115
0.0577, 2.12
0.0571, 2.128
0.0584, 2.132
0.0576, 2.144
0.0582, 2.138
0.0582, 2.142
0.0577, 2.141
0.0589, 2.126
0.058, 2.139
0.0581, 2.143
0.0578, 2.164
0.0583, 2.159
0.0583, 2.16
0.0584, 2.16
0.0589, 2.156
0.0583, 2.162
0.0574, 2.17
0.0584, 2.159
0.0595, 2.171
0.0585, 2.183
0.0582, 2.186
0.0587, 2.18
0.0589, 2.179
0.0592, 2.174
0.0592, 2.177
0.058, 2.189
0.0602, 2.194
0.0593, 2.199
0.0591, 2.2
0.0597, 2.199
0.0595, 2.196
0.0596, 2.192
0.0591, 2.199
0.0596, 2.197
0.0602, 2.215
0.0591, 2.222
0.0591, 2.224
0.0594, 2.223
0.0601, 2.216
0.0599, 2.216
0.0597, 2.219
0.06, 2.213
0.06, 2.213
0.0594, 2.246
0.0601, 2.239
0.0592, 2.246
0.06, 2.239
0.0598, 2.241
0.0605, 2.237
0.06, 2.239
0.06, 2.266
0.0604, 2.257
0.0599, 2.262
0.0606, 2.256
0.0608, 2.253
0.0609, 2.256
0.0599, 2.263
0.0602, 2.258
0.0617, 2.271
0.0603, 2.281
0.0603, 2.281
0.0613, 2.278
0.0605, 2.282
0.0612, 2.277
0.0603, 2.283
0.0613, 2.274
0.0614, 2.298
0.0616, 2.296
0.0614, 2.299
0.0609, 2.305
0.0616, 2.297
0.0617, 2.292
0.0616, 2.296
0.061, 2.302
0.0623, 2.312
0.0616, 2.322
0.062, 2.317
0.0623, 2.312
0.0617, 2.317
0.0614, 2.321
0.0614, 2.323
0.0619, 2.317
0.0624, 2.337
0.0616, 2.343
0.062, 2.34
0.0626, 2.332
0.0627, 2.335
0.0617, 2.343
0.062, 2.34
0.0621, 2.341
0.0628, 2.359
0.0626, 2.357
0.0616, 2.369
0.0628, 2.36
0.0621, 2.366
0.0627, 2.36
0.0628, 2.357
0.0622, 2.36
0.0629, 2.381
0.0634, 2.376
0.0628, 2.382
0.0632, 2.377
0.0617, 2.393
0.0628, 2.377
0.063, 2.38
0.0634, 2.373
0.0635, 2.399
0.063, 2.4
0.0631, 2.4
0.0633, 2.398
0.0633, 2.398
0.0633, 2.398
0.0631, 2.402
0.063, 2.403
0.0638, 2.42
0.0641, 2.419
0.0631, 2.426
0.0636, 2.417
0.0638, 2.417
0.0631, 2.426
0.0636, 2.421
0.063, 2.429
0.0641, 2.441
0.0643, 2.44
0.0637, 2.444
0.0633, 2.45
0.0644, 2.437
0.0639, 2.44
0.0639, 2.443
0.0639, 2.445
0.0646, 2.458
0.0638, 2.467
0.0647, 2.458
0.0641, 2.464
0.0644, 2.46
0.0645, 2.459
0.0652, 2.454
0.0649, 2.456
0.0649, 2.456
0.0649, 2.456
0.0643, 2.489
0.0656, 2.475
0.065, 2.479
0.0657, 2.467
0.0647, 2.481
0.0659, 2.469
0.0656, 2.5
0.0648, 2.507
0.0654, 2.501
0.0653, 2.497
0.0655, 2.499
0.0649, 2.501
0.0649, 2.501
0.0648, 2.505
0.066, 2.517
0.0655, 2.523
0.0661, 2.516
0.0664, 2.517
0.0664, 2.517
0.0658, 2.519
0.0665, 2.51
0.0663, 2.513
0.0663, 2.54
0.0662, 2.539
0.0672, 2.527
0.0656, 2.542
0.0667, 2.53
0.0666, 2.536
0.0661, 2.538
0.066, 2.541
0.0662, 2.564
0.0659, 2.567
0.0668, 2.556
0.0664, 2.56
0.0662, 2.562
0.0655, 2.571
0.0664, 2.562
0.0667, 2.557
0.0677, 2.572
0.0677, 2.572
0.0666, 2.582
0.0669, 2.58
0.0672, 2.574
0.0663, 2.585
0.0673, 2.577
0.0672, 2.578
0.0675, 2.598
0.0673, 2.602
0.0665, 2.607
0.0674, 2.599
0.068, 2.597
0.0672, 2.605
0.0676, 2.6
0.068, 2.595
0.0679, 2.619
0.0677, 2.621
0.0679, 2.616
0.068, 2.619
0.0677, 2.622
0.0682, 2.616
0.0679, 2.621
0.068, 2.616
0.068, 2.616
0.0678, 2.645
0.069, 2.633
0.0685, 2.638
0.0693, 2.634
0.0693, 2.634
0.0683, 2.637
0.0675, 2.647
0.0686, 2.656
0.0676, 2.666
0.0689, 2.654
0.0684, 2.665
0.0686, 2.658
0.0685, 2.662
0.0691, 2.657
0.069, 2.657
0.0694, 2.672
0.069, 2.681
0.0693, 2.676
0.0681, 2.686
0.0688, 2.683
0.0694, 2.676
0.0694, 2.676
0.069, 2.682
0.0699, 2.694
0.0689, 2.707
0.0693, 2.699
0.0688, 2.702
0.0697, 2.694
0.0693, 2.701
0.0691, 2.703
0.0693, 2.699
0.0692, 2.722
0.0701, 2.72
0.0696, 2.72
0.0691, 2.727
0.0691, 2.724
0.0701, 2.719
0.0698, 2.721
0.0697, 2.718
0.0703, 2.74
0.0703, 2.74
0.0699, 2.744
0.0707, 2.737
0.0711, 2.732
0.0701, 2.739
0.0701, 2.741
0.0707, 2.733
0.0712, 2.754
0.0708, 2.759
0.0702, 2.767
0.0705, 2.761
0.0707, 2.76
0.0697, 2.77
0.0709, 2.755
0.0713, 2.753
0.0713, 2.774
0.0709, 2.781
0.0707, 2.781
0.0714, 2.775
0.0703, 2.786
0.0706, 2.782
0.0711, 2.779
0.071, 2.779
0.0726, 2.791
0.0717, 2.795
0.0721, 2.799
0.0714, 2.8
0.071, 2.804
0.071, 2.802
0.0718, 2.796
0.0719, 2.792
0.0714, 2.825
0.0715, 2.816
0.0712, 2.826
0.0723, 2.816
0.0722, 2.813
0.0714, 2.824
0.0721, 2.821
0.0725, 2.81
0.0725, 2.835
0.0715, 2.846
0.0731, 2.833
0.0724, 2.84
0.0715, 2.843
0.0731, 2.835
0.0711, 2.853
0.0717, 2.846
0.0725, 2.859
0.0728, 2.855
0.0728, 2.855
0.0725, 2.858
0.0728, 2.858
0.0727, 2.858
0.0729, 2.855
0.0726, 2.859
0.0725, 2.883
0.0724, 2.883
0.0727, 2.883
0.0727, 2.883
0.0727, 2.883
0.0724, 2.885
0.0726, 2.884
0.0727, 2.88
0.0724, 2.91
0.0737, 2.896
0.0738, 2.898
0.0737, 2.9
0.0733, 2.903
0.0735, 2.902
0.0736, 2.897
0.0735, 2.902
0.0733, 2.926
0.0735, 2.922
0.0739, 2.919
0.0742, 2.916
0.0739, 2.921
0.0744, 2.915
0.0739, 2.919
0.0741, 2.917
0.0741, 2.942
0.0744, 2.938
0.0747, 2.939
0.0742, 2.94
0.0749, 2.935
0.0749, 2.935
0.0744, 2.935
0.0743, 2.937
0.0743, 2.968
0.0749, 2.954
0.0754, 2.953
0.075, 2.952
0.0743, 2.961
0.0754, 2.949
0.0747, 2.958
0.0743, 2.962
0.0743, 2.961
0.0746, 2.987
0.0753, 2.978
0.0754, 2.973
0.0745, 2.989
0.075, 2.982
0.0755, 2.976
0.0751, 2.98
0.0756, 3.0
0.0752, 3.004
0.0752, 3.001
0.0758, 2.993
0.0752, 3.003
0.0752, 3.003
0.0751, 3.005
0.0758, 2.993
0.0753, 3.024
0.0759, 3.022
0.0762, 3.014
0.0762, 3.011
0.0758, 3.018
0.0759, 3.016
0.0754, 3.021
0.0751, 3.025
0.0761, 3.037
0.0763, 3.038
0.0754, 3.049
0.0764, 3.04
0.0756, 3.047
0.0759, 3.043
0.0767, 3.033
0.0768, 3.029
0.0777, 3.053
0.0758, 3.068
0.0758, 3.068
0.0767, 3.058
0.0767, 3.058
0.0771, 3.057
0.0766, 3.061
0.0768, 3.059
0.0773, 3.079
0.0768, 3.082
0.0772, 3.077
0.0771, 3.08
0.0767, 3.082
0.0777, 3.072
0.0764, 3.086
0.0767, 3.083
0.0774, 3.098
0.078, 3.096
0.0767, 3.106
0.0774, 3.099
0.0775, 3.101
0.0777, 3.093
0.0778, 3.093
0.0771, 3.102
0.0782, 3.119
0.0785, 3.111
0.0783, 3.116
0.0775, 3.125
0.0769, 3.126
0.0769, 3.127
0.0778, 3.116
0.0773, 3.127
0.0784, 3.14
0.078, 3.144
0.0785, 3.14
0.0784, 3.14
0.078, 3.145
0.0779, 3.144
0.0792, 3.129
0.0779, 3.143
0.0788, 3.155
0.0786, 3.161
0.0794, 3.149
0.079, 3.156
0.0782, 3.165
0.0793, 3.151
0.0783, 3.165
0.0782, 3.163
0.0782, 3.163
0.0784, 3.184
0.079, 3.177
0.0797, 3.17
0.0795, 3.171
0.0783, 3.188
0.0783, 3.188
0.0786, 3.181
0.0792, 3.202
0.0794, 3.2
0.0793, 3.202
0.0794, 3.198
0.0794, 3.198
0.0795, 3.204
0.0788, 3.206
0.0793, 3.201
0.0794, 3.227
0.0793, 3.22
0.0798, 3.222
0.0795, 3.222
0.08, 3.215
0.0801, 3.216
0.0801, 3.217
0.0797, 3.221
0.0802, 3.239
0.0805, 3.233
0.0801, 3.242
0.0807, 3.233
0.0796, 3.248
0.0807, 3.234
0.0806, 3.235
0.0797, 3.246
0.081, 3.258
0.081, 3.258
0.0804, 3.26
0.0812, 3.255
0.0795, 3.27
0.0807, 3.256
0.0811, 3.256
0.0805, 3.259
0.081, 3.28
0.0799, 3.291
0.0815, 3.277
0.0807, 3.287
0.0818, 3.272
0.0816, 3.274
0.081, 3.277
0.0816, 3.27
0.0811, 3.304
0.0817, 3.297
0.0811, 3.304
0.0812, 3.301
0.0811, 3.303
0.0804, 3.308
0.0814, 3.301
0.0822, 3.291
0.0809, 3.329
0.0818, 3.321
0.0818, 3.318
0.0819, 3.319
0.0814, 3.322
0.0815, 3.32
0.0819, 3.318
0.0813, 3.324
0.0822, 3.336
0.082, 3.34
0.082, 3.341
0.082, 3.339
0.0813, 3.349
0.0821, 3.343
0.0826, 3.334
0.082, 3.342
0.0837, 3.351
0.0826, 3.359
0.0826, 3.361
0.0826, 3.361
0.0826, 3.361
0.0826, 3.361
0.0831, 3.356
0.083, 3.358
0.0832, 3.38
0.0834, 3.375
0.0834, 3.375
0.0822, 3.388
0.0834, 3.372
0.0834, 3.374
0.0829, 3.382
0.0829, 3.38
0.0833, 3.402
0.0829, 3.407
0.0828, 3.406
0.0831, 3.399
0.0846, 3.386
0.083, 3.407
0.0832, 3.403
0.0835, 3.396
0.083, 3.429
0.0833, 3.428
0.0839, 3.422
0.0835, 3.421
0.0835, 3.421
0.084, 3.415
0.0834, 3.419
0.0835, 3.42
0.0833, 3.446
0.0838, 3.443
0.0839, 3.438
0.0832, 3.449
0.084, 3.444
0.0845, 3.439
0.0838, 3.443
0.084, 3.439
0.0845, 3.46
0.0845, 3.458
0.0845, 3.458
0.0849, 3.456
0.0844, 3.463
0.0847, 3.459
0.0846, 3.46
0.085, 3.457
0.0852, 3.476
0.0852, 3.477
0.0857, 3.473
0.0849, 3.48
0.0849, 3.479
0.0846, 3.483
0.0851, 3.479
0.0855, 3.477
0.0851, 3.5
0.086, 3.492
0.0851, 3.505
0.0854, 3.501
0.0852, 3.504
0.0852, 3.504
0.0852, 3.502
0.0855, 3.497
0.0856, 3.522
0.0859, 3.518
0.0861, 3.517
0.0861, 3.52
0.085, 3.526
0.0866, 3.514
0.0864, 3.515
0.0854, 3.524
0.0861, 3.542
0.0862, 3.542
0.0865, 3.54
0.0871, 3.532
0.086, 3.541
0.0866, 3.536
0.0858, 3.543
0.0862, 3.539
0.0858, 3.567
0.0869, 3.558
0.0859, 3.564
0.086, 3.564
0.0856, 3.567
0.0863, 3.565
0.0865, 3.559
0.0867, 3.562
0.0867, 3.581
0.0857, 3.59
0.0867, 3.578
0.0867, 3.578
0.0869, 3.58
0.0873, 3.574
0.087, 3.581
0.0867, 3.583
0.0865, 3.606
0.0881, 3.595
0.0867, 3.607
0.0873, 3.603
0.0867, 3.603
0.0867, 3.603
0.0877, 3.598
0.088, 3.593
0.0881, 3.615
0.0877, 3.621
0.0882, 3.616
0.0872, 3.625
0.0879, 3.619
0.0879, 3.619
0.0879, 3.619
0.0878, 3.615
0.0886, 3.638
0.0886, 3.638
0.088, 3.643
0.0882, 3.637
0.0881, 3.644
0.0882, 3.638
0.0891, 3.629
0.088, 3.639
0.089, 3.652
0.0889, 3.653
0.0889, 3.659
0.0877, 3.664
0.0882, 3.662
0.0882, 3.664
0.0885, 3.661
0.0887, 3.659
0.0894, 3.677
0.089, 3.679
0.0891, 3.681
0.0885, 3.682
0.089, 3.68
0.0892, 3.677
0.0888, 3.679
0.0888, 3.682
0.0887, 3.706
0.0892, 3.705
0.0893, 3.699
0.09, 3.696
0.0887, 3.706
0.0882, 3.708
0.0902, 3.691
0.0902, 3.693
0.0895, 3.722
0.0897, 3.718
0.0898, 3.717
0.0892, 3.724
0.0907, 3.71
0.0902, 3.717
0.0898, 3.715
0.0891, 3.726
0.09, 3.741
0.09, 3.737
0.0897, 3.744
0.0898, 3.743
0.0905, 3.732
0.0898, 3.742
0.0905, 3.739
0.0898, 3.743
0.0911, 3.751
0.0907, 3.757
0.0906, 3.758
0.0898, 3.771
0.0908, 3.758
0.0905, 3.76
0.0899, 3.768
0.0899, 3.763
0.092, 3.768
0.0907, 3.782
0.0907, 3.782
0.0902, 3.788
0.0909, 3.778
0.0908, 3.781
0.0908, 3.779
0.0908, 3.78
0.0908, 3.78
0.0912, 3.798
0.092, 3.792
0.0907, 3.804
0.0909, 3.801
0.0914, 3.799
0.0911, 3.798
0.0915, 3.794
0.0913, 3.82
0.0922, 3.811
0.0918, 3.819
0.0918, 3.824
0.0911, 3.823
0.0918, 3.819
0.0918, 3.822
0.0913, 3.823
0.0932, 3.824
0.0923, 3.837
0.0921, 3.84
0.0921, 3.84
0.0927, 3.835
0.0925, 3.834
0.0928, 3.834
0.0918, 3.84
0.0927, 3.855
0.0935, 3.851
0.0935, 3.851
0.0925, 3.858
0.0925, 3.856
0.092, 3.863
0.0925, 3.861
0.0923, 3.86
0.0935, 3.873
0.0934, 3.873
0.0929, 3.881
0.0929, 3.878
0.0924, 3.881
0.093, 3.876
0.094, 3.87
0.0931, 3.875
0.0928, 3.904
0.0931, 3.897
0.0938, 3.896
0.0935, 3.899
0.0938, 3.893
0.0932, 3.899
0.0932, 3.899
0.0926, 3.905
0.0934, 3.921
0.0938, 3.917
0.093, 3.927
0.0937, 3.917
0.0934, 3.924
0.0938, 3.919
0.094, 3.916
0.0941, 3.915
0.0936, 3.944
0.0941, 3.94
0.0939, 3.941
0.0939, 3.942
0.0938, 3.942
0.0937, 3.942
0.0937, 3.942
0.0944, 3.934
0.0951, 3.953
0.0948, 3.956
0.0944, 3.959
0.0935, 3.968
0.0945, 3.958
0.094, 3.966
0.0945, 3.957
0.0941, 3.959
0.0941, 3.959
0.0948, 3.979
0.0948, 3.979
0.0953, 3.978
0.0949, 3.978
0.0951, 3.98
0.0953, 3.975
0.0947, 3.983
0.0944, 3.981
0.0951, 4.001
0.0951, 4.001
0.0941, 4.009
0.0946, 4.003
0.0952, 3.998
0.096, 3.995
0.095, 4.005
0.095, 4.025
0.0949, 4.029
0.0955, 4.021
0.0949, 4.022
0.0944, 4.034
0.0957, 4.016
0.0959, 4.016
0.0952, 4.024
0.0956, 4.041
0.0962, 4.035
0.095, 4.048
0.095, 4.048
0.096, 4.038
0.0952, 4.047
0.0965, 4.033
0.096, 4.041
0.0964, 4.059
0.0964, 4.055
0.0963, 4.06
0.0965, 4.062
0.0963, 4.059
0.0955, 4.07
0.0959, 4.063
0.0962, 4.058
0.0964, 4.083
0.0967, 4.08
0.097, 4.077
0.0961, 4.086
0.0969, 4.079
0.097, 4.078
0.0967, 4.082
0.097, 4.079
0.0975, 4.095
0.0978, 4.094
0.0968, 4.104
0.0973, 4.096
0.0979, 4.092
0.0968, 4.104
0.0967, 4.103
0.0968, 4.104
0.0973, 4.122
0.0983, 4.114
0.0979, 4.12
0.0981, 4.118
0.0982, 4.113
0.0979, 4.12
0.0971, 4.126
0.0973, 4.122
0.0984, 4.136
0.0991, 4.129
0.099, 4.132
0.0981, 4.139
0.0977, 4.141
0.0984, 4.14
0.0973, 4.15
0.0979, 4.146
0.0982, 4.161
0.0981, 4.164
0.0984, 4.157
0.0986, 4.158
0.0986, 4.158
0.0986, 4.158
0.098, 4.163
0.0982, 4.163
0.0985, 4.183
0.0991, 4.178
0.0986, 4.179
0.0986, 4.179
0.0993, 4.172
0.099, 4.177
0.0992, 4.176
0.0992, 4.172
0.0993, 4.199
0.0993, 4.199
0.0994, 4.198
0.0988, 4.204
0.098, 4.21
0.098, 4.211
0.0999, 4.188
0.0989, 4.197
0.0996, 4.218
0.099, 4.226
0.0991, 4.226
0.0995, 4.221
0.0995, 4.221
0.0998, 4.217
0.1002, 4.214
0.0999, 4.218
0.0997, 4.242
0.1001, 4.237
0.0996, 4.243
0.0997, 4.239
0.1005, 4.234
0.1003, 4.236
0.0999, 4.239
0.1, 4.24
0.0998, 4.265
0.1001, 4.261
0.1009, 4.254
0.1001, 4.261
0.1003, 4.257
0.1, 4.26
0.0999, 4.261
0.1001, 4.262
0.1016, 4.273
0.1014, 4.277
0.1003, 4.281
0.1008, 4.278
0.1015, 4.273
0.1005, 4.28
0.1013, 4.274
0.1013, 4.274
0.1014, 4.299
0.1002, 4.308
0.101, 4.301
0.1006, 4.308
0.1014, 4.298
0.1018, 4.292
0.1011, 4.302
0.1018, 4.293
0.1011, 4.325
0.102, 4.316
0.1023, 4.31
0.1018, 4.317
0.1014, 4.321
0.1019, 4.317
0.1017, 4.32
0.102, 4.314
0.1024, 4.335
0.1023, 4.336
0.1025, 4.336
0.1013, 4.349
0.1015, 4.343
0.1032, 4.329
0.1013, 4.348
0.1012, 4.351
0.1032, 4.346
0.1032, 4.346
0.1027, 4.358
0.1021, 4.359
0.1018, 4.365
0.1022, 4.36
0.1021, 4.363
0.1023, 4.357
0.1028, 4.378
0.1029, 4.379
0.1028, 4.376
0.1027, 4.38
0.1025, 4.382
0.103, 4.378
0.1024, 4.382
0.1036, 4.373
0.1023, 4.41
0.1033, 4.399
0.1026, 4.404
0.1031, 4.398
0.103, 4.399
0.1029, 4.399
0.1032, 4.398
0.1033, 4.397
0.1037, 4.415
0.1034, 4.421
0.1034, 4.421
0.1032, 4.42
0.1033, 4.419
0.1036, 4.417
0.1039, 4.417
0.1028, 4.424
0.1044, 4.438
0.1039, 4.444
0.1041, 4.439
0.1038, 4.437
0.1037, 4.443
0.1032, 4.449
0.1041, 4.442
0.1046, 4.43
0.1044, 4.457
0.104, 4.465
0.1039, 4.467
0.1045, 4.457
0.1036, 4.468
0.1043, 4.459
0.1037, 4.466
0.1041, 4.462
0.1047, 4.481
0.1051, 4.475
0.1048, 4.476
0.1041, 4.484
0.1044, 4.482
0.1048, 4.477
0.1043, 4.488
0.1048, 4.479
0.105, 4.499
0.1048, 4.497
0.1053, 4.495
0.1048, 4.503
0.1048, 4.504
0.1051, 4.499
0.1044, 4.507
0.1047, 4.503
0.1048, 4.525
0.1051, 4.525
0.105, 4.526
0.105, 4.525
0.1063, 4.512
0.1057, 4.518
0.1057, 4.518
0.1056, 4.518
0.1055, 4.543
0.1058, 4.539
0.1061, 4.535
0.105, 4.547
0.1053, 4.543
0.1053, 4.547
0.1057, 4.542
0.1065, 4.53
0.1056, 4.566
0.1061, 4.562
0.1057, 4.563
0.1057, 4.563
0.1064, 4.558
0.1066, 4.555
0.1061, 4.561
0.1057, 4.568
0.1073, 4.573
0.1071, 4.578
0.1063, 4.578
0.1073, 4.57
0.1076, 4.57
0.1059, 4.583
0.1064, 4.583
0.1058, 4.585
0.1065, 4.605
0.1069, 4.601
0.107, 4.601
0.1069, 4.605
0.1073, 4.598
0.107, 4.602
0.1061, 4.607
0.1074, 4.599
0.1075, 4.619
0.1066, 4.627
0.1076, 4.616
0.1066, 4.628
0.1078, 4.614
0.1075, 4.619
0.1075, 4.619
0.1088, 4.608
0.1087, 4.628
0.1068, 4.65
0.1079, 4.643
0.1075, 4.646
0.1081, 4.633
0.1079, 4.636
0.1072, 4.649
0.1084, 4.637
0.1089, 4.653
0.108, 4.665
0.1084, 4.657
0.1084, 4.657
0.1084, 4.661
0.1085, 4.662
0.1081, 4.656
0.1091, 4.649
0.108, 4.685
0.1083, 4.683
0.1085, 4.679
0.1089, 4.676
0.1085, 4.68
0.1088, 4.68
0.1086, 4.679
0.1084, 4.681
0.1092, 4.696
0.1093, 4.694
0.1093, 4.694
0.109, 4.699
0.1092, 4.698
0.1084, 4.707
0.1089, 4.703
0.109, 4.699
0.1094, 4.718
0.1092, 4.721
0.1096, 4.72
0.1097, 4.717
0.1094, 4.724
0.1091, 4.723
0.1103, 4.71
0.109, 4.72
0.1105, 4.733
0.1103, 4.736
0.1095, 4.745
0.1093, 4.74
0.1101, 4.738
0.1089, 4.749
0.1093, 4.75
0.1104, 4.734
0.11, 4.762
0.1098, 4.763
0.1104, 4.759
0.1113, 4.747
0.1104, 4.758
0.1103, 4.76
0.1108, 4.753
0.11, 4.764
0.11, 4.786
0.1103, 4.784
0.1103, 4.782
0.1111, 4.772
0.1114, 4.771
0.1101, 4.784
0.1107, 4.782
0.11, 4.791
0.1111, 4.797
0.1112, 4.802
0.1118, 4.789
0.1104, 4.803
0.1114, 4.792
0.1112, 4.796
0.1112, 4.794
0.1105, 4.808
0.1122, 4.811
0.1115, 4.818
0.112, 4.816
0.1113, 4.822
0.1111, 4.826
0.1107, 4.827
0.1107, 4.827
0.1122, 4.812
0.1113, 4.844
0.1124, 4.833
0.1118, 4.839
0.1122, 4.836
0.1118, 4.84
0.1115, 4.842
0.1115, 4.844
0.1118, 4.84
0.1119, 4.862
0.1122, 4.859
0.112, 4.861
0.1123, 4.858
0.112, 4.862
0.1117, 4.863
0.1127, 4.854
0.1121, 4.86
0.1129, 4.88
0.1131, 4.875
0.1128, 4.884
0.1126, 4.881
0.1128, 4.883
0.1127, 4.876
0.1135, 4.874
0.1122, 4.883
0.1128, 4.902
0.113, 4.901
0.1129, 4.902
0.1133, 4.899
0.1135, 4.896
0.1132, 4.897
0.1132, 4.9
0.1136, 4.896
0.1136, 4.896
0.1138, 4.914
0.113, 4.925
0.1138, 4.915
0.1137, 4.918
0.1139, 4.915
0.1133, 4.922
0.1132, 4.922
0.114, 4.937
0.1135, 4.942
0.1135, 4.942
0.1137, 4.937
0.1145, 4.935
0.1135, 4.943
0.1131, 4.947
0.1134, 4.944
0.1145, 4.959
0.1139, 4.964
0.1142, 4.961
0.114, 4.965
0.1141, 4.961
0.1138, 4.962
0.115, 4.951
0.1147, 4.959
0.1144, 4.985
0.1148, 4.977
0.1151, 4.973
0.1147, 4.979
0.1149, 4.977
0.1142, 4.982
0.1147, 4.98
0.1145, 4.98
0.1148, 4.979
0.1149, 5.0
0.1147, 5.0
0.1149, 4.998
0.1157, 4.99
0.115, 5.0
0.1157, 4.99
0.1152, 4.995
0.1154, 5.017
0.115, 5.022
0.1155, 5.021
0.1149, 5.021
0.1149, 5.021
0.1155, 5.02
0.1155, 5.02
0.1144, 5.032
0.1165, 5.034
0.116, 5.041
0.1154, 5.045
0.116, 5.04
0.1159, 5.04
0.115, 5.049
0.1154, 5.042
0.1169, 5.029
0.1162, 5.058
0.1158, 5.062
0.117, 5.05
0.1158, 5.066
0.1165, 5.055
0.1163, 5.058
0.1158, 5.062
0.1164, 5.055
0.1159, 5.085
0.1169, 5.078
0.1166, 5.08
0.116, 5.082
0.1162, 5.082
0.1162, 5.082
0.1162, 5.084
0.116, 5.086
0.1172, 5.1
0.1167, 5.103
0.1172, 5.098
0.1169, 5.102
0.1162, 5.109
0.1172, 5.095
0.1165, 5.105
0.1169, 5.101
0.118, 5.112
0.1175, 5.119
0.1181, 5.111
0.1174, 5.118
0.1176, 5.117
0.1175, 5.118
0.1167, 5.122
0.1176, 5.116
0.1182, 5.135
0.1172, 5.143
0.1175, 5.141
0.1176, 5.14
0.1184, 5.132
0.1182, 5.135
0.1166, 5.151
0.1175, 5.142
0.1176, 5.163
0.1182, 5.155
0.118, 5.165
0.1176, 5.165
0.118, 5.162
0.1182, 5.157
0.118, 5.161
0.1183, 5.158
0.1187, 5.177
0.1181, 5.186
0.1181, 5.182
0.1182, 5.184
0.1196, 5.168
0.1184, 5.184
0.1189, 5.176
0.1185, 5.18
0.1192, 5.197
0.1187, 5.201
0.119, 5.199
0.1191, 5.2
0.1186, 5.204
0.1186, 5.204
0.1189, 5.201
0.1199, 5.191
0.1194, 5.218
0.1195, 5.221
0.12, 5.213
0.1188, 5.223
0.1195, 5.216
0.1198, 5.217
0.1189, 5.223
0.1195, 5.217
0.1196, 5.215
0.1196, 5.24
0.1196, 5.24
0.119, 5.246
0.1194, 5.243
0.1194, 5.243
0.1192, 5.247
0.1194, 5.245
0.1203, 5.255
0.1205, 5.258
0.1191, 5.271
0.1204, 5.259
0.1202, 5.263
0.1204, 5.253
0.1202, 5.262
0.1191, 5.27
0.1205, 5.278
0.1199, 5.284
0.1206, 5.278
0.1208, 5.276
0.1203, 5.281
0.1202, 5.284
0.12, 5.287
0.1206, 5.278
0.1206, 5.278
0.121, 5.299
0.1209, 5.297
0.121, 5.301
0.1209, 5.299
0.1213, 5.294
0.1204, 5.308
0.1208, 5.297
0.1213, 5.317
0.1211, 5.322
0.1208, 5.326
0.1211, 5.321
0.1214, 5.317
0.1217, 5.318
0.1217, 5.317
0.1218, 5.316
0.1222, 5.335
0.1219, 5.339
0.1214, 5.342
0.1218, 5.339
0.1218, 5.34
0.1217, 5.343
0.1211, 5.346
0.1223, 5.338
0.1221, 5.36
0.1221, 5.36
0.1222, 5.358
0.1216, 5.365
0.1216, 5.368
0.1217, 5.365
0.1221, 5.359
0.1217, 5.364
0.1229, 5.374
0.1231, 5.374
0.123, 5.372
0.1226, 5.378
0.1221, 5.384
0.1223, 5.38
0.1219, 5.385
0.1215, 5.39
0.1232, 5.396
0.1228, 5.403
0.1226, 5.402
0.1231, 5.399
0.1221, 5.409
0.1231, 5.399
0.1229, 5.401
0.123, 5.403
0.1232, 5.422
0.1232, 5.422
0.1235, 5.416
0.1238, 5.415
0.1233, 5.419
0.1234, 5.419
0.1228, 5.426
0.1238, 5.417
0.1238, 5.439
0.124, 5.438
0.1232, 5.444
0.1248, 5.426
0.1228, 5.45
0.1237, 5.438
0.124, 5.436
0.1249, 5.431
0.1249, 5.431
0.1238, 5.461
0.1241, 5.458
0.1241, 5.462
0.1237, 5.465
0.1238, 5.464
0.1235, 5.467
0.1238, 5.46
0.1246, 5.478
0.1245, 5.48
0.125, 5.477
0.1247, 5.477
0.1252, 5.475
0.1239, 5.489
0.1242, 5.483
0.124, 5.486
0.1252, 5.498
0.125, 5.499
0.1247, 5.5
0.1247, 5.5
0.1252, 5.495
0.1252, 5.498
0.1244, 5.505
0.1252, 5.495
0.1257, 5.514
0.1249, 5.522
0.1252, 5.518
0.1249, 5.523
0.126, 5.514
0.1245, 5.53
0.1249, 5.521
0.1253, 5.517
0.126, 5.534
0.1254, 5.544
0.126, 5.536
0.126, 5.536
0.1252, 5.54
0.1249, 5.547
0.1259, 5.54
0.1255, 5.542
0.1256, 5.566
0.126, 5.562
0.1258, 5.563
0.1258, 5.563
0.1258, 5.564
0.1259, 5.564
0.1262, 5.56
0.126, 5.564
0.126, 5.582
0.1262, 5.582
0.1263, 5.581
0.1267, 5.577
0.1267, 5.577
0.1268, 5.575
0.1265, 5.579
0.1267, 5.576
0.127, 5.601
0.1271, 5.598
0.1266, 5.6
0.1271, 5.597
0.1275, 5.595
0.1268, 5.599
0.1271, 5.594
0.1264, 5.603
0.1272, 5.621
0.1278, 5.618
0.1278, 5.614
0.1271, 5.622
0.1276, 5.618
0.1271, 5.623
0.1275, 5.617
0.1273, 5.622
0.1276, 5.642
0.1276, 5.642
0.1275, 5.643
0.1275, 5.643
0.1275, 5.643
0.1275, 5.643
0.1275, 5.643
0.1282, 5.634
0.1274, 5.664
0.1283, 5.66
0.1277, 5.663
0.1283, 5.658
0.1277, 5.661
0.1287, 5.653
0.1278, 5.662
0.1278, 5.665
0.1293, 5.673
0.1286, 5.678
0.1296, 5.672
0.1283, 5.683
0.1282, 5.68
0.1283, 5.682
0.1288, 5.678
0.1286, 5.678
0.1286, 5.703
0.1285, 5.706
0.1291, 5.697
0.1291, 5.694
0.1285, 5.704
0.1294, 5.696
0.1288, 5.701
0.1287, 5.697
0.129, 5.721
0.1293, 5.717
0.1294, 5.717
0.1296, 5.716
0.1295, 5.718
0.1289, 5.724
0.1292, 5.717
0.129, 5.722
0.1297, 5.739
0.1297, 5.739
0.1295, 5.739
0.1295, 5.739
0.1292, 5.744
0.1291, 5.747
0.1294, 5.744
0.1294, 5.74
0.1292, 5.771
0.1296, 5.768
0.1306, 5.753
0.1303, 5.757
0.1307, 5.754
0.1305, 5.754
0.1304, 5.759
0.13, 5.763
0.1304, 5.781
0.1312, 5.774
0.1307, 5.776
0.1308, 5.777
0.1304, 5.781
0.1302, 5.785
0.1302, 5.785
0.1299, 5.788
0.1319, 5.787
0.1313, 5.795
0.1314, 5.794
0.1313, 5.798
0.1299, 5.808
0.1309, 5.798
0.1305, 5.804
0.1313, 5.794
0.1324, 5.813
0.1305, 5.827
0.1307, 5.826
0.1315, 5.819
0.1318, 5.82
0.1315, 5.821
0.1316, 5.816
0.1305, 5.831
0.132, 5.834
0.1321, 5.836
0.1311, 5.845
0.1322, 5.836
0.1318, 5.841
0.1312, 5.84
0.1313, 5.846
0.1317, 5.842
0.1317, 5.864
0.1318, 5.863
0.1325, 5.854
0.1323, 5.857
0.1321, 5.859
0.1321, 5.858
0.132, 5.863
0.1324, 5.858
0.1324, 5.882
0.1327, 5.879
0.1326, 5.876
0.1317, 5.883
0.1319, 5.884
0.1328, 5.877
0.1326, 5.878
0.1318, 5.885
0.133, 5.9
0.1327, 5.899
0.1336, 5.89
0.1327, 5.902
0.1334, 5.896
0.1325, 5.901
0.1325, 5.901
0.1332, 5.9
0.1337, 5.914
0.1336, 5.919
0.1336, 5.919
0.1337, 5.915
0.1336, 5.917
0.1335, 5.919
0.1336, 5.917
0.1331, 5.924
0.1331, 5.924
0.1336, 5.942
0.133, 5.947
0.1339, 5.935
0.1346, 5.93
0.1328, 5.95
0.1341, 5.937
0.1339, 5.938
0.1342, 5.957
0.1346, 5.957
0.1353, 5.951
0.1336, 5.961
0.1341, 5.959
0.1338, 5.959
0.1337, 5.962
0.1336, 5.963
0.1353, 5.971
0.1337, 5.989
0.1346, 5.979
0.1346, 5.98
0.1346, 5.98
0.1345, 5.978
0.134, 5.985
0.1343, 5.98
0.1348, 6.0
0.1348, 6.0
0.1354, 5.99
0.1349, 5.998
0.1344, 6.005
0.1343, 6.006
0.1347, 6.002
