commande, current 
-0.0027, -0.001
-0.0028, 0.0
-0.0031, 0.001
-0.0019, 0.022
-0.0016, 0.015
-0.0016, 0.017
-0.0013, 0.039
-0.0014, 0.041
-0.0017, 0.042
-0.0005, 0.064
-0.0013, 0.065
0.0002, 0.052
0.0007, 0.081
-0.0001, 0.082
-0.0001, 0.085
0.0013, 0.101
0.001, 0.099
0.0014, 0.098
0.0019, 0.116
0.0017, 0.12
0.0019, 0.119
0.0024, 0.144
0.0021, 0.146
0.0024, 0.141
0.0029, 0.164
0.0031, 0.167
0.0042, 0.153
0.0045, 0.178
0.0046, 0.175
0.0044, 0.178
0.0046, 0.198
0.0049, 0.198
0.0047, 0.205
0.0066, 0.211
0.0055, 0.227
0.0063, 0.215
0.0066, 0.242
0.007, 0.236
0.0072, 0.235
0.0077, 0.257
0.0074, 0.26
0.0082, 0.254
0.008, 0.281
0.0078, 0.285
0.0085, 0.283
0.0088, 0.301
0.0092, 0.299
0.0092, 0.297
0.0096, 0.324
0.0103, 0.316
0.0102, 0.316
0.0106, 0.339
0.0105, 0.341
0.0107, 0.337
0.0114, 0.359
0.0116, 0.359
0.0112, 0.359
0.0121, 0.378
0.0125, 0.376
0.0118, 0.38
0.0128, 0.401
0.0124, 0.404
0.013, 0.404
0.0134, 0.421
0.0135, 0.422
0.0129, 0.425
0.0151, 0.436
0.0149, 0.434
0.0142, 0.439
0.0146, 0.465
0.0147, 0.463
0.0148, 0.459
0.0154, 0.481
0.0163, 0.474
0.0151, 0.485
0.0164, 0.502
0.0161, 0.505
0.016, 0.505
0.0165, 0.522
0.0167, 0.519
0.0169, 0.517
0.0171, 0.543
0.0172, 0.536
0.0172, 0.538
0.0178, 0.561
0.0186, 0.555
0.0177, 0.561
0.0179, 0.583
0.0182, 0.582
0.0186, 0.575
0.019, 0.594
0.0189, 0.599
0.0183, 0.603
0.0195, 0.618
0.0191, 0.62
0.0194, 0.619
0.0201, 0.634
0.02, 0.64
0.02, 0.638
0.02, 0.66
0.0202, 0.657
0.0202, 0.656
0.0208, 0.683
0.0213, 0.679
0.0209, 0.682
0.0218, 0.694
0.0211, 0.704
0.0213, 0.703
0.0217, 0.719
0.0215, 0.722
0.0215, 0.724
0.022, 0.744
0.0227, 0.741
0.0226, 0.742
0.0234, 0.755
0.0236, 0.752
0.0229, 0.76
0.0233, 0.781
0.0232, 0.78
0.0236, 0.777
0.0235, 0.802
0.0249, 0.793
0.0241, 0.799
0.0244, 0.823
0.0254, 0.812
0.0245, 0.824
0.0254, 0.842
0.0249, 0.84
0.0255, 0.837
0.0255, 0.863
0.0267, 0.851
0.0261, 0.857
0.0263, 0.878
0.0259, 0.875
0.0264, 0.878
0.0273, 0.896
0.0262, 0.902
0.027, 0.897
0.027, 0.917
0.0265, 0.922
0.0271, 0.92
0.0281, 0.937
0.0275, 0.941
0.0277, 0.94
0.0283, 0.958
0.0285, 0.959
0.029, 0.953
0.0284, 0.978
0.0284, 0.979
0.0283, 0.979
0.0288, 0.997
0.0291, 1.001
0.0298, 0.993
0.0297, 1.017
0.0291, 1.024
0.0299, 1.015
0.0297, 1.041
0.0302, 1.033
0.03, 1.033
0.0306, 1.059
0.0302, 1.062
0.0297, 1.064
0.0312, 1.077
0.0308, 1.08
0.0312, 1.076
0.0311, 1.1
0.0316, 1.095
0.0314, 1.097
0.0314, 1.122
0.0315, 1.12
0.0318, 1.114
0.0317, 1.139
0.0317, 1.144
0.0315, 1.141
0.0322, 1.164
0.0325, 1.161
0.0326, 1.162
0.0324, 1.185
0.0332, 1.178
0.0331, 1.178
0.0327, 1.207
0.0333, 1.198
0.0337, 1.196
0.0331, 1.226
0.0334, 1.224
0.0334, 1.223
0.0341, 1.242
0.0336, 1.243
0.0334, 1.246
0.034, 1.264
0.0347, 1.263
0.0346, 1.259
0.0361, 1.27
0.0351, 1.277
0.0344, 1.287
0.0351, 1.296
0.0358, 1.293
0.0364, 1.291
0.0354, 1.324
0.0357, 1.32
0.0358, 1.319
0.0361, 1.34
0.036, 1.342
0.0359, 1.342
0.0368, 1.352
0.0365, 1.358
0.0365, 1.361
0.037, 1.377
0.0364, 1.387
0.0374, 1.375
0.0375, 1.4
0.0377, 1.399
0.0374, 1.4
0.038, 1.417
0.0373, 1.424
0.0374, 1.423
0.0388, 1.433
0.0379, 1.438
0.0381, 1.435
0.0389, 1.459
0.0384, 1.466
0.0381, 1.467
0.039, 1.481
0.0392, 1.479
0.0397, 1.475
0.0386, 1.506
0.0394, 1.497
0.0392, 1.501
0.039, 1.524
0.0392, 1.523
0.0392, 1.521
0.0395, 1.54
0.0396, 1.539
0.0397, 1.539
0.0402, 1.561
0.0404, 1.562
0.0399, 1.566
0.0402, 1.582
0.0412, 1.576
0.0406, 1.578
0.041, 1.599
0.04, 1.608
0.0409, 1.601
0.0425, 1.615
0.041, 1.622
0.0417, 1.618
0.0416, 1.641
0.0421, 1.632
0.0411, 1.643
0.0416, 1.667
0.042, 1.665
0.0421, 1.658
0.0424, 1.681
0.042, 1.688
0.0428, 1.679
0.0429, 1.697
0.0429, 1.698
0.0437, 1.694
0.0432, 1.725
0.0429, 1.72
0.0432, 1.719
0.043, 1.743
0.0439, 1.73
0.043, 1.739
0.0438, 1.763
0.0437, 1.763
0.044, 1.76
0.0448, 1.775
0.0446, 1.776
0.044, 1.783
0.0442, 1.804
0.0448, 1.801
0.0455, 1.794
0.0453, 1.819
0.0456, 1.815
0.0451, 1.821
0.0458, 1.833
0.0451, 1.845
0.0455, 1.84
0.0463, 1.856
0.0457, 1.861
0.0456, 1.858
0.0461, 1.883
0.046, 1.881
0.0457, 1.885
0.0471, 1.896
0.0464, 1.906
0.0466, 1.897
0.0472, 1.917
0.0458, 1.931
0.0469, 1.921
0.0474, 1.938
0.0466, 1.947
0.0483, 1.929
0.0475, 1.959
0.0473, 1.964
0.0474, 1.959
0.0472, 1.986
0.0476, 1.979
0.0481, 1.981
0.0485, 1.996
0.048, 2.004
0.0483, 2.003
0.0486, 2.021
0.0486, 2.02
0.0487, 2.019
0.0491, 2.039
0.0487, 2.042
0.0486, 2.047
0.0492, 2.059
0.0497, 2.058
0.0484, 2.066
0.0496, 2.082
0.0498, 2.084
0.0491, 2.084
0.0502, 2.099
0.0496, 2.106
0.0497, 2.104
0.0499, 2.122
0.0495, 2.127
0.0505, 2.117
0.051, 2.134
0.0505, 2.138
0.0504, 2.141
0.0513, 2.16
0.0515, 2.157
0.0511, 2.154
0.0525, 2.17
0.0521, 2.174
0.0512, 2.183
0.0521, 2.197
0.0521, 2.197
0.0525, 2.191
0.052, 2.219
0.0518, 2.225
0.0524, 2.217
0.0522, 2.242
0.0524, 2.24
0.0521, 2.237
0.0529, 2.257
0.053, 2.254
0.0539, 2.248
0.0531, 2.281
0.0529, 2.283
0.0538, 2.275
0.0532, 2.303
0.0521, 2.31
0.0529, 2.305
0.0535, 2.32
0.0551, 2.307
0.0538, 2.318
0.0534, 2.346
0.0535, 2.347
0.0544, 2.342
0.0546, 2.363
0.054, 2.362
0.0544, 2.358
0.0551, 2.38
0.0542, 2.383
0.055, 2.381
0.0549, 2.398
0.0552, 2.396
0.0557, 2.397
0.0555, 2.419
0.0544, 2.432
0.055, 2.427
0.0565, 2.429
0.0566, 2.432
0.0548, 2.456
0.0565, 2.458
0.0562, 2.46
0.0565, 2.449
0.0568, 2.478
0.0562, 2.479
0.0568, 2.476
0.0563, 2.502
0.057, 2.499
0.0565, 2.502
0.0573, 2.517
0.057, 2.519
0.0582, 2.511
0.0576, 2.541
0.0578, 2.541
0.0573, 2.538
0.0578, 2.56
0.0584, 2.555
0.0572, 2.563
0.0584, 2.576
0.0583, 2.577
0.058, 2.583
0.0585, 2.599
0.0589, 2.596
0.0583, 2.599
0.0583, 2.624
0.0583, 2.623
0.0602, 2.608
0.0597, 2.64
0.0601, 2.631
0.0595, 2.636
0.0596, 2.659
0.0588, 2.666
0.0588, 2.666
0.0608, 2.677
0.0605, 2.672
0.0605, 2.674
0.0597, 2.703
0.0597, 2.701
0.0596, 2.7
0.0612, 2.714
0.0605, 2.719
0.0605, 2.721
0.0606, 2.742
0.0608, 2.741
0.0611, 2.733
0.0609, 2.761
0.0619, 2.75
0.0609, 2.761
0.0619, 2.778
0.0609, 2.783
0.0614, 2.784
0.0617, 2.803
0.0623, 2.798
0.0622, 2.8
0.0627, 2.815
0.0621, 2.822
0.0623, 2.817
0.0633, 2.83
0.0624, 2.837
0.0623, 2.841
0.0635, 2.857
0.0628, 2.861
0.0637, 2.852
0.0638, 2.875
0.0638, 2.876
0.0637, 2.879
0.0632, 2.903
0.0639, 2.896
0.0636, 2.899
0.0638, 2.922
0.0635, 2.924
0.064, 2.918
0.0643, 2.937
0.0637, 2.944
0.064, 2.938
0.0639, 2.964
0.0646, 2.958
0.0645, 2.96
0.0651, 2.979
0.0649, 2.981
0.0647, 2.984
0.0647, 3.003
0.0649, 3.001
0.0658, 2.997
0.066, 3.017
0.0663, 3.01
0.0649, 3.021
0.066, 3.035
0.0664, 3.035
0.066, 3.039
0.0658, 3.063
0.066, 3.063
0.0657, 3.066
0.0663, 3.081
0.0661, 3.083
0.066, 3.085
0.0674, 3.094
0.0672, 3.095
0.0668, 3.103
0.067, 3.123
0.0676, 3.112
0.0672, 3.117
0.0676, 3.138
0.0681, 3.135
0.0676, 3.139
0.0674, 3.161
0.0678, 3.156
0.0679, 3.158
0.0687, 3.171
0.0684, 3.179
0.0676, 3.184
0.0681, 3.201
0.0693, 3.194
0.0683, 3.202
0.0688, 3.221
0.0689, 3.218
0.069, 3.219
0.069, 3.24
0.0696, 3.235
0.0686, 3.244
0.0699, 3.258
0.0691, 3.264
0.07, 3.254
0.0706, 3.274
0.0699, 3.281
0.0704, 3.276
0.0704, 3.298
0.07, 3.303
0.0704, 3.296
0.0701, 3.324
0.071, 3.313
0.07, 3.324
0.0701, 3.347
0.0702, 3.345
0.0705, 3.344
0.0709, 3.359
0.0708, 3.358
0.0704, 3.367
0.0724, 3.374
0.0717, 3.379
0.0713, 3.38
0.0721, 3.395
0.0723, 3.396
0.072, 3.399
0.0724, 3.417
0.072, 3.421
0.0731, 3.409
0.0727, 3.433
0.0725, 3.438
0.0725, 3.442
0.0735, 3.451
0.0733, 3.454
0.0732, 3.458
0.0732, 3.48
0.0726, 3.484
0.0732, 3.479
0.0733, 3.504
0.0729, 3.504
0.0737, 3.497
0.0743, 3.512
0.0743, 3.518
0.0743, 3.518
0.0749, 3.533
0.0741, 3.541
0.0748, 3.532
0.0747, 3.555
0.074, 3.563
0.0743, 3.56
0.0745, 3.582
0.0754, 3.578
0.0747, 3.582
0.0757, 3.596
0.0748, 3.605
0.0757, 3.596
0.0755, 3.619
0.0754, 3.621
0.0755, 3.62
0.0758, 3.639
0.0756, 3.644
0.0767, 3.635
0.0757, 3.662
0.0764, 3.662
0.0758, 3.663
0.0769, 3.675
0.0756, 3.69
0.0767, 3.68
0.0768, 3.7
0.0767, 3.7
0.077, 3.699
0.0772, 3.719
0.0772, 3.72
0.0773, 3.715
0.077, 3.741
0.0772, 3.743
0.0775, 3.743
0.0776, 3.762
0.0782, 3.761
0.0783, 3.752
0.0783, 3.781
0.0784, 3.78
0.0784, 3.777
0.0787, 3.796
0.0785, 3.8
0.0789, 3.796
0.0792, 3.812
0.0779, 3.826
0.0785, 3.819
0.0793, 3.84
0.0793, 3.835
0.0795, 3.837
0.0793, 3.86
0.0799, 3.856
0.0796, 3.858
0.0797, 3.883
0.0793, 3.886
0.08, 3.877
0.0808, 3.896
0.0805, 3.897
0.0799, 3.903
0.081, 3.915
0.0803, 3.921
0.0802, 3.924
0.0806, 3.942
0.081, 3.937
0.0808, 3.944
0.0816, 3.96
0.0815, 3.958
0.0815, 3.958
0.0817, 3.98
0.0808, 3.986
0.0808, 3.987
0.0821, 3.994
0.0821, 3.993
0.0809, 4.007
0.0826, 4.009
0.0822, 4.018
0.0812, 4.026
0.0823, 4.042
0.082, 4.043
0.0817, 4.047
0.0825, 4.06
0.0823, 4.063
0.0832, 4.051
0.0836, 4.076
0.0825, 4.085
0.0837, 4.075
0.0836, 4.098
0.0833, 4.1
0.0839, 4.094
0.0837, 4.119
0.0834, 4.122
0.0837, 4.118
0.0833, 4.146
0.0837, 4.141
0.0836, 4.145
0.0842, 4.163
0.0845, 4.156
0.0838, 4.163
0.0839, 4.185
0.0839, 4.186
0.0855, 4.172
0.0845, 4.205
0.0845, 4.201
0.0853, 4.197
0.0855, 4.215
0.0846, 4.224
0.0854, 4.22
0.0851, 4.238
0.0863, 4.236
0.0857, 4.24
0.086, 4.261
0.0856, 4.265
0.0863, 4.255
0.087, 4.273
0.0864, 4.279
0.0865, 4.278
0.0866, 4.298
0.0867, 4.3
0.0865, 4.299
0.0876, 4.315
0.0861, 4.326
0.0878, 4.314
0.0872, 4.339
0.0874, 4.339
0.0874, 4.337
0.0883, 4.354
0.088, 4.353
0.0881, 4.355
0.0882, 4.379
0.089, 4.369
0.0876, 4.382
0.0886, 4.394
0.0883, 4.396
0.0876, 4.407
0.0886, 4.42
0.088, 4.431
0.0891, 4.417
0.0892, 4.438
0.0891, 4.44
0.0885, 4.443
0.0891, 4.464
0.0902, 4.452
0.089, 4.464
0.089, 4.49
0.0893, 4.486
0.0894, 4.48
0.0899, 4.501
0.0898, 4.5
0.0903, 4.497
0.0905, 4.519
0.089, 4.531
0.0901, 4.521
0.0902, 4.543
0.0899, 4.548
0.0903, 4.54
0.0913, 4.559
0.0914, 4.555
0.0909, 4.562
0.0919, 4.574
0.0912, 4.583
0.0908, 4.584
0.0916, 4.604
0.0919, 4.596
0.0911, 4.605
0.0913, 4.628
0.0922, 4.62
0.0919, 4.624
0.0933, 4.634
0.093, 4.636
0.092, 4.639
0.0929, 4.659
0.0918, 4.669
0.0934, 4.65
0.0937, 4.673
0.0934, 4.674
0.0924, 4.684
0.093, 4.707
0.0935, 4.702
0.0933, 4.701
0.0939, 4.716
0.0939, 4.713
0.0941, 4.718
0.0946, 4.738
0.0947, 4.733
0.0936, 4.745
0.0946, 4.756
0.0944, 4.759
0.0946, 4.76
0.0943, 4.785
0.095, 4.778
0.0938, 4.79
0.0952, 4.799
0.0952, 4.8
0.096, 4.791
0.0954, 4.817
0.0966, 4.807
0.0963, 4.813
0.0963, 4.834
0.0955, 4.841
0.0959, 4.835
0.0962, 4.86
0.0963, 4.858
0.0957, 4.863
0.0963, 4.881
0.0962, 4.883
0.0969, 4.874
0.0964, 4.901
0.0968, 4.904
0.0972, 4.897
0.0975, 4.917
0.0975, 4.917
0.0968, 4.921
0.0972, 4.945
0.0982, 4.938
0.0977, 4.939
0.0977, 4.962
0.0982, 4.955
0.0976, 4.959
0.0978, 4.984
0.099, 4.973
0.0988, 4.979
0.098, 5.006
0.0979, 5.006
0.0985, 4.999
0.099, 5.02
0.0994, 5.016
0.0993, 5.018
0.0991, 5.041
0.0988, 5.043
0.0989, 5.042
0.0998, 5.06
0.1001, 5.057
0.1001, 5.051
0.1003, 5.076
0.1004, 5.076
0.0998, 5.079
0.0993, 5.109
0.1003, 5.097
0.1002, 5.099
0.1014, 5.114
0.101, 5.113
0.1002, 5.122
0.1005, 5.147
0.1009, 5.139
0.1004, 5.144
0.102, 5.154
0.1008, 5.167
0.1016, 5.157
0.1009, 5.186
0.1012, 5.183
0.1013, 5.18
0.102, 5.199
0.1021, 5.201
0.1021, 5.2
0.1024, 5.221
0.102, 5.223
0.1023, 5.223
0.1028, 5.238
0.1025, 5.239
0.1023, 5.241
0.1034, 5.257
0.1025, 5.267
0.1032, 5.262
0.104, 5.273
0.104, 5.274
0.1036, 5.279
0.1034, 5.304
0.1033, 5.304
0.1037, 5.299
0.1037, 5.321
0.1052, 5.312
0.1043, 5.321
0.1038, 5.344
0.105, 5.334
0.1043, 5.343
0.1049, 5.356
0.1051, 5.356
0.1045, 5.362
0.1053, 5.375
0.1051, 5.382
0.1062, 5.367
0.1056, 5.398
0.1064, 5.389
0.1046, 5.409
0.106, 5.418
0.1066, 5.406
0.1057, 5.417
0.106, 5.441
0.1061, 5.439
0.1056, 5.446
0.1061, 5.462
0.1065, 5.455
0.1064, 5.459
0.1069, 5.477
0.1066, 5.481
0.1074, 5.478
0.1073, 5.498
0.1074, 5.498
0.1065, 5.508
0.1075, 5.518
0.1071, 5.522
0.1078, 5.514
0.1082, 5.537
0.1068, 5.552
0.1073, 5.547
0.108, 5.558
0.1079, 5.562
0.109, 5.553
0.109, 5.578
0.109, 5.578
0.1097, 5.567
0.1087, 5.599
0.1091, 5.6
0.1084, 5.604
0.1087, 5.625
0.1092, 5.622
0.1092, 5.622
0.1097, 5.64
0.1096, 5.645
0.1096, 5.639
0.1095, 5.663
0.1099, 5.662
0.1094, 5.664
0.1103, 5.68
0.1105, 5.677
0.1104, 5.676
0.1112, 5.693
0.1108, 5.699
0.1113, 5.693
0.1108, 5.725
0.1124, 5.706
0.1115, 5.716
0.1117, 5.738
0.1118, 5.738
0.1115, 5.743
0.1121, 5.758
0.1121, 5.755
0.1119, 5.759
0.1124, 5.776
0.1122, 5.784
0.1129, 5.771
0.1132, 5.796
0.1121, 5.802
0.1127, 5.792
0.1132, 5.816
0.113, 5.819
0.1133, 5.817
0.1127, 5.845
0.1134, 5.836
0.1132, 5.839
0.114, 5.854
0.1131, 5.861
0.1133, 5.863
0.1143, 5.876
0.1133, 5.881
0.1132, 5.889
0.1142, 5.901
0.1146, 5.896
0.114, 5.901
0.1139, 5.925
0.1147, 5.918
0.1151, 5.912
0.1151, 5.941
0.1153, 5.94
0.1138, 5.952
0.116, 5.952
0.1153, 5.962
0.1153, 5.962
0.1151, 5.984
0.1167, 5.971
0.1156, 5.98
0.1163, 5.995
0.1154, 6.004
0.1161, 5.998
