commande, current 
0, 0.0
0, 0.0
0, 0.0
0, 0.0
0, 0.0
0, 0.0
0, 0.002
0, 0.0
0, 0.0
0, 0.0
0, 0.0
0, 0.0
0, 0.0
0, 0.0
0, 0.0
0, 0.0
0, 0.0
0, 0.0
0, 0.0
0, 0.0
0, 0.0
0, 0.0
0, 0.0
0, 0.0
0, 0.0
0, 0.0
0, 0.0
0, 0.0
0, 0.0
0, 0.0
0, 0.0
0, 0.0
0, 0.023
0, 0.008
0, 0.005
0, 0.009
0, 0.006
0, 0.003
0, 0.014
0, 0.006
0, 0.015
0, 0.006
0, 0.008
0, 0.01
0, 0.014
0, 0.012
0, 0.018
0, 0.017
0, 0.024
0, 0.02
0, 0.023
0, 0.026
0, 0.025
0, 0.02
0, 0.03
0, 0.861
0, 0.86
0, 0.86
0, 0.873
0, 0.862
0, 0.884
0, 0.896
0, 0.901
0, 0.899
0, 0.9
0, 0.913
0, 0.91
0, 0.916
0, 0.912
0, 0.93
0, 0.935
0, 0.933
0, 0.939
0, 0.955
0, 0.948
0, 0.952
0, 0.953
0, 0.973
0, 0.976
0, 0.98
0, 0.983
0, 0.98
0, 0.987
0, 0.99
0, 1.002
0, 1.003
0, 1.011
0, 1.023
0, 1.017
0, 1.028
0, 1.03
0, 1.029
0, 1.034
0, 1.047
0, 1.062
0, 1.056
0, 1.058
0, 1.068
0, 1.066
0, 1.081
0, 1.081
0, 1.091
0, 1.092
0, 1.096
0, 1.095
0, 1.105
0, 1.117
0, 1.116
0, 1.125
0, 1.128
0, 1.139
0, 1.135
0, 1.142
0, 1.144
0, 1.154
0, 1.156
0, 1.156
0, 1.165
0, 1.169
0, 1.182
0, 1.181
0, 1.184
0, 1.187
0, 1.197
0, 1.2
0, 1.207
0, 1.213
0, 1.22
0, 1.227
0, 1.231
0, 1.231
0, 1.234
0, 1.255
0, 1.247
0, 1.254
0, 1.26
0, 1.523
0, 1.538
0, 1.537
0, 1.54
0, 1.536
0, 1.543
0, 1.536
0, 1.533
0, 1.54
0, 1.558
0, 1.568
0, 1.553
0, 1.557
0, 1.565
0, 1.563
0, 1.553
0, 1.563
0, 1.572
0, 1.574
0, 1.58
0, 1.571
0, 1.574
0, 1.591
0, 1.576
0, 1.578
0, 1.592
0, 1.601
0, 1.604
0, 1.612
0, 1.597
0, 1.6
0, 1.594
0, 1.598
0, 1.625
0, 1.626
0, 1.617
0, 1.618
0, 1.617
0, 1.613
0, 1.624
0, 1.624
0, 1.638
0, 1.641
0, 1.644
0, 1.642
0, 1.647
0, 1.638
0, 1.64
0, 1.632
0, 1.658
0, 1.667
0, 1.656
0, 1.654
0, 1.648
0, 1.66
0, 1.662
0, 1.661
0, 1.67
0, 1.68
0, 1.682
0, 1.672
0, 1.686
0, 1.677
0, 1.689
0, 1.68
0, 1.695
0, 1.695
0, 1.688
0, 1.699
0, 1.703
0, 1.701
0, 1.697
0, 1.695
0, 1.711
0, 1.716
0, 1.725
0, 1.713
0, 1.721
0, 1.717
0, 1.719
0, 1.715
0, 1.737
0, 1.735
0, 1.732
0, 1.74
0, 1.737
0, 1.737
0, 1.74
0, 1.741
0, 1.756
0, 1.763
0, 1.756
0, 1.765
0, 1.756
0, 1.76
0, 1.764
0, 1.755
0, 1.775
0, 1.776
0, 1.779
0, 1.779
0, 1.771
0, 1.785
0, 1.774
0, 1.779
0, 1.797
0, 1.804
0, 1.797
0, 1.798
0, 1.794
0, 1.801
0, 1.799
0, 1.807
0, 1.816
0, 1.811
0, 1.83
0, 1.821
0, 1.811
0, 1.832
0, 1.814
0, 1.815
0, 1.836
0, 1.842
0, 1.847
0, 1.847
0, 1.84
0, 1.836
0, 1.836
0, 1.835
0, 1.864
0, 1.854
0, 1.861
0, 1.862
0, 1.87
0, 1.86
0, 1.867
0, 1.857
0, 1.878
0, 1.883
0, 1.879
0, 1.881
0, 1.876
0, 1.875
0, 1.882
0, 1.877
0, 1.899
0, 1.91
0, 1.9
0, 1.896
0, 1.894
0, 1.899
0, 1.893
0, 1.9
0, 1.923
0, 1.927
0, 1.929
0, 1.914
0, 1.919
0, 1.92
0, 1.92
0, 1.918
0, 1.94
0, 1.939
0, 1.937
0, 1.94
0, 1.944
0, 1.936
0, 1.934
0, 1.95
0, 1.962
0, 1.955
0, 1.956
0, 1.956
0, 1.964
0, 1.963
0, 1.971
0, 1.957
0, 1.983
0, 1.981
0, 1.972
0, 1.987
0, 1.989
0, 1.978
0, 1.979
0, 1.971
0, 1.995
0, 2.005
0, 1.998
0, 1.998
0, 2.003
0, 2.002
0, 2.006
0, 2.0
0, 2.013
0, 2.018
0, 2.015
0, 2.03
0, 2.016
0, 2.021
0, 2.015
0, 2.009
0, 2.035
0, 2.04
0, 2.031
0, 2.047
0, 2.042
0, 2.044
0, 2.039
0, 2.037
0, 2.057
0, 2.065
0, 2.063
0, 2.064
0, 2.066
0, 2.066
0, 2.067
0, 2.062
0, 2.06
0, 2.079
0, 2.085
0, 2.078
0, 2.074
0, 2.086
0, 2.085
0, 2.08
0, 2.098
0, 2.105
0, 2.089
0, 2.097
0, 2.097
0, 2.1
0, 2.1
0, 2.098
0, 2.119
0, 2.115
0, 2.125
0, 2.119
0, 2.122
0, 2.115
0, 2.125
0, 2.122
0, 2.129
0, 2.142
0, 2.146
0, 2.142
0, 2.144
0, 2.129
0, 2.128
0, 2.144
0, 2.143
0, 2.157
0, 2.155
0, 2.161
0, 2.163
0, 2.15
0, 2.158
0, 2.158
0, 2.164
0, 2.177
0, 2.186
0, 2.184
0, 2.171
0, 2.172
0, 2.179
0, 2.187
0, 2.203
0, 2.2
0, 2.198
0, 2.202
0, 2.194
0, 2.195
0, 2.194
0, 2.203
0, 2.215
0, 2.22
0, 2.225
0, 2.224
0, 2.221
0, 2.208
0, 2.216
0, 2.218
0, 2.231
0, 2.245
0, 2.235
0, 2.243
0, 2.238
0, 2.241
0, 2.238
0, 2.235
0, 2.264
0, 2.262
0, 2.259
0, 2.262
0, 2.272
0, 2.264
0, 2.26
0, 2.258
0, 2.282
0, 2.281
0, 2.284
0, 2.285
0, 2.277
0, 2.278
0, 2.275
0, 2.289
0, 2.296
0, 2.301
0, 2.303
0, 2.306
0, 2.302
0, 2.3
0, 2.294
0, 2.302
0, 2.316
0, 2.324
0, 2.317
0, 2.319
0, 2.321
0, 2.319
0, 2.314
0, 2.328
0, 2.333
0, 2.335
0, 2.341
0, 2.331
0, 2.348
0, 2.332
0, 2.335
0, 2.344
0, 2.353
0, 2.367
0, 2.35
0, 2.363
0, 2.357
0, 2.365
0, 2.364
0, 2.371
0, 2.381
0, 2.37
0, 2.38
0, 2.384
0, 2.38
0, 2.38
0, 2.374
0, 2.377
0, 2.398
0, 2.395
0, 2.404
0, 2.4
0, 2.395
0, 2.395
0, 2.407
0, 2.403
0, 2.422
0, 2.418
0, 2.419
0, 2.424
0, 2.425
0, 2.42
0, 2.424
0, 2.418
0, 2.445
0, 2.444
0, 2.437
0, 2.442
0, 2.436
0, 2.445
0, 2.435
0, 2.447
0, 2.452
0, 2.45
0, 2.456
0, 2.461
0, 2.455
0, 2.464
0, 2.454
0, 2.463
0, 2.482
0, 2.474
0, 2.486
0, 2.475
0, 2.482
0, 2.476
0, 2.475
0, 2.469
0, 2.501
0, 2.501
0, 2.49
0, 2.5
0, 2.493
0, 2.494
0, 2.499
0, 2.5
0, 2.529
0, 2.525
0, 2.52
0, 2.507
0, 2.508
0, 2.521
0, 2.523
0, 2.518
0, 2.551
0, 2.534
0, 2.539
0, 2.542
0, 2.541
0, 2.544
0, 2.544
0, 2.534
0, 2.555
0, 2.564
0, 2.565
0, 2.556
0, 2.548
0, 2.555
0, 2.565
0, 2.561
0, 2.578
0, 2.585
0, 2.585
0, 2.581
0, 2.577
0, 2.577
0, 2.578
0, 2.58
0, 2.594
0, 2.603
0, 2.597
0, 2.594
0, 2.594
0, 2.601
0, 2.597
0, 2.606
0, 2.612
0, 2.626
0, 2.62
0, 2.615
0, 2.613
0, 2.621
0, 2.626
0, 2.621
0, 2.645
0, 2.639
0, 2.64
0, 2.64
0, 2.636
0, 2.64
0, 2.637
0, 2.637
0, 2.666
0, 2.66
0, 2.665
0, 2.655
0, 2.664
0, 2.668
0, 2.661
0, 2.661
0, 2.68
0, 2.689
0, 2.683
0, 2.685
0, 2.682
0, 2.678
0, 2.68
0, 2.679
0, 2.704
0, 2.693
0, 2.708
0, 2.705
0, 2.706
0, 2.701
0, 2.698
0, 2.707
0, 2.713
0, 2.716
0, 2.722
0, 2.718
0, 2.725
0, 2.717
0, 2.725
0, 2.725
0, 2.742
0, 2.732
0, 2.736
0, 2.751
0, 2.742
0, 2.748
0, 2.744
0, 2.741
0, 2.76
0, 2.765
0, 2.753
0, 2.754
0, 2.759
0, 2.764
0, 2.762
0, 2.76
0, 2.771
0, 2.773
0, 2.781
0, 2.783
0, 2.781
0, 2.776
0, 2.779
0, 2.782
0, 2.798
0, 2.803
0, 2.8
0, 2.799
0, 2.793
0, 2.794
0, 2.812
0, 2.799
0, 2.822
0, 2.829
0, 2.825
0, 2.811
0, 2.823
0, 2.822
0, 2.823
0, 2.817
0, 2.836
0, 2.841
0, 2.842
0, 2.843
0, 2.839
0, 2.841
0, 2.841
0, 2.834
0, 2.855
0, 2.859
0, 2.86
0, 2.86
0, 2.859
0, 2.852
0, 2.856
0, 2.859
0, 2.873
0, 2.877
0, 2.87
0, 2.885
0, 2.884
0, 2.884
0, 2.882
0, 2.882
0, 2.892
0, 2.902
0, 2.898
0, 2.906
0, 2.896
0, 2.893
0, 2.891
0, 2.898
0, 2.92
0, 2.925
0, 2.921
0, 2.921
0, 2.913
0, 2.917
0, 2.922
0, 2.918
0, 2.951
0, 2.928
0, 2.938
0, 2.942
0, 2.945
0, 2.943
0, 2.94
0, 2.945
0, 2.963
0, 2.962
0, 2.958
0, 2.967
0, 2.957
0, 2.961
0, 2.959
0, 2.956
0, 2.979
0, 2.976
0, 2.974
0, 2.976
0, 2.979
0, 2.987
0, 2.981
0, 2.974
0, 2.999
0, 3.0
0, 2.999
0, 2.997
0, 3.004
0, 3.0
0, 2.997
0, 2.993
0, 3.011
0, 3.02
0, 3.031
0, 3.013
0, 3.029
0, 3.026
0, 3.017
0, 3.016
0, 3.042
0, 3.039
0, 3.04
0, 3.037
0, 3.034
0, 3.04
0, 3.042
0, 3.044
0, 3.055
0, 3.062
0, 3.058
0, 3.061
0, 3.062
0, 3.057
0, 3.06
0, 3.065
0, 3.084
0, 3.082
0, 3.08
0, 3.074
0, 3.072
0, 3.082
0, 3.086
0, 3.077
0, 3.097
0, 3.1
0, 3.103
0, 3.106
0, 3.096
0, 3.096
0, 3.102
0, 3.1
0, 3.125
0, 3.114
0, 3.119
0, 3.121
0, 3.121
0, 3.115
0, 3.121
0, 3.121
0, 3.135
0, 3.142
0, 3.146
0, 3.134
0, 3.145
0, 3.147
0, 3.134
0, 3.147
0, 3.144
0, 3.16
0, 3.159
0, 3.16
0, 3.165
0, 3.154
0, 3.164
0, 3.155
0, 3.173
0, 3.182
0, 3.188
0, 3.181
0, 3.176
0, 3.177
0, 3.174
0, 3.182
0, 3.204
0, 3.197
0, 3.202
0, 3.197
0, 3.204
0, 3.199
0, 3.206
0, 3.202
0, 3.212
0, 3.223
0, 3.225
0, 3.213
0, 3.219
0, 3.215
0, 3.232
0, 3.221
0, 3.243
0, 3.245
0, 3.239
0, 3.243
0, 3.239
0, 3.243
0, 3.241
0, 3.237
0, 3.263
0, 3.251
0, 3.252
0, 3.26
0, 3.249
0, 3.264
0, 3.26
0, 3.257
0, 3.271
0, 3.279
0, 3.283
0, 3.279
0, 3.277
0, 3.28
0, 3.285
0, 3.283
0, 3.3
0, 3.311
0, 3.298
0, 3.298
0, 3.301
0, 3.297
0, 3.295
0, 3.302
0, 3.326
0, 3.312
0, 3.326
0, 3.319
0, 3.323
0, 3.329
0, 3.323
0, 3.313
0, 3.349
0, 3.341
0, 3.336
0, 3.333
0, 3.335
0, 3.335
0, 3.349
0, 3.336
0, 3.356
0, 3.362
0, 3.357
0, 3.358
0, 3.357
0, 3.353
0, 3.361
0, 3.354
0, 3.379
0, 3.388
0, 3.379
0, 3.368
0, 3.385
0, 3.385
0, 3.382
0, 3.388
0, 3.404
0, 3.403
0, 3.403
0, 3.392
0, 3.402
0, 3.399
0, 3.395
0, 3.399
0, 3.412
0, 3.419
0, 3.421
0, 3.422
0, 3.422
0, 3.41
0, 3.423
0, 3.424
0, 3.447
0, 3.438
0, 3.434
0, 3.433
0, 3.446
0, 3.445
0, 3.441
0, 3.441
0, 3.464
0, 3.459
0, 3.452
0, 3.452
0, 3.459
0, 3.456
0, 3.459
0, 3.449
0, 3.48
0, 3.491
0, 3.475
0, 3.491
0, 3.478
0, 3.481
0, 3.488
0, 3.471
0, 3.501
0, 3.509
0, 3.491
0, 3.498
0, 3.507
0, 3.489
0, 3.502
0, 3.509
0, 3.525
0, 3.52
0, 3.515
0, 3.52
0, 3.527
0, 3.516
0, 3.522
0, 3.524
0, 3.537
0, 3.537
0, 3.538
0, 3.541
0, 3.546
0, 3.539
0, 3.538
0, 3.539
0, 3.559
0, 3.559
0, 3.559
0, 3.557
0, 3.557
0, 3.553
0, 3.566
0, 3.561
0, 3.581
0, 3.582
0, 3.576
0, 3.581
0, 3.588
0, 3.578
0, 3.583
0, 3.582
0, 3.593
0, 3.598
0, 3.6
0, 3.599
0, 3.598
0, 3.593
0, 3.603
0, 3.594
0, 3.625
0, 3.624
0, 3.629
0, 3.629
0, 3.622
0, 3.613
0, 3.615
0, 3.617
0, 3.641
0, 3.631
0, 3.651
0, 3.642
0, 3.644
0, 3.637
0, 3.639
0, 3.64
0, 3.663
0, 3.654
0, 3.655
0, 3.667
0, 3.651
0, 3.672
0, 3.651
0, 3.66
0, 3.674
0, 3.683
0, 3.675
0, 3.675
0, 3.677
0, 3.678
0, 3.668
0, 3.678
0, 3.696
0, 3.695
0, 3.703
0, 3.703
0, 3.701
0, 3.698
0, 3.705
0, 3.698
0, 3.719
0, 3.713
0, 3.717
0, 3.715
0, 3.727
0, 3.718
0, 3.724
0, 3.719
0, 3.727
0, 3.742
0, 3.736
0, 3.746
0, 3.738
0, 3.737
0, 3.739
0, 3.729
0, 3.763
0, 3.762
0, 3.761
0, 3.767
0, 3.756
0, 3.757
0, 3.768
0, 3.761
0, 3.782
0, 3.781
0, 3.785
0, 3.776
0, 3.78
0, 3.777
0, 3.783
0, 3.784
0, 3.8
0, 3.807
0, 3.797
0, 3.795
0, 3.808
0, 3.804
0, 3.8
0, 3.804
0, 3.817
0, 3.832
0, 3.823
0, 3.818
0, 3.819
0, 3.823
0, 3.815
0, 3.814
0, 3.841
0, 3.837
0, 3.846
0, 3.844
0, 3.841
0, 3.839
0, 3.841
0, 3.843
0, 3.851
0, 3.851
0, 3.851
0, 3.859
0, 3.852
0, 3.856
0, 3.855
0, 3.859
0, 3.874
0, 3.878
0, 3.882
0, 3.877
0, 3.881
0, 3.883
0, 3.874
0, 3.882
0, 3.889
0, 3.903
0, 3.901
0, 3.903
0, 3.908
0, 3.897
0, 3.896
0, 3.899
0, 3.919
0, 3.922
0, 3.923
0, 3.913
0, 3.918
0, 3.921
0, 3.921
0, 3.926
0, 3.942
0, 3.929
0, 3.945
0, 3.933
0, 3.939
0, 3.937
0, 3.945
0, 3.947
0, 3.962
0, 3.96
0, 3.943
0, 3.961
0, 3.962
0, 3.961
0, 3.959
0, 3.964
0, 3.99
0, 3.984
0, 3.975
0, 3.971
0, 3.978
0, 3.975
0, 3.983
0, 3.988
0, 3.998
0, 3.999
0, 4.005
0, 4.007
0, 4.004
0, 4.011
0, 3.994
0, 4.0
0, 4.018
0, 4.013
0, 4.017
0, 4.018
0, 4.022
0, 4.016
0, 4.021
0, 4.015
0, 4.034
0, 4.039
0, 4.036
0, 4.036
0, 4.038
0, 4.037
0, 4.042
0, 4.043
0, 4.064
0, 4.057
0, 4.059
0, 4.047
0, 4.057
0, 4.06
0, 4.062
0, 4.056
0, 4.086
0, 4.086
0, 4.08
0, 4.072
0, 4.081
0, 4.083
0, 4.08
0, 4.077
0, 4.097
0, 4.097
0, 4.098
0, 4.098
0, 4.104
0, 4.104
0, 4.097
0, 4.103
0, 4.122
0, 4.117
0, 4.119
0, 4.119
0, 4.12
0, 4.118
0, 4.118
0, 4.116
0, 4.137
0, 4.14
0, 4.135
0, 4.135
0, 4.148
0, 4.141
0, 4.136
0, 4.138
0, 4.165
0, 4.156
0, 4.163
0, 4.156
0, 4.165
0, 4.16
0, 4.151
0, 4.16
0, 4.17
0, 4.177
0, 4.175
0, 4.189
0, 4.172
0, 4.181
0, 4.172
0, 4.189
0, 4.199
0, 4.203
0, 4.207
0, 4.199
0, 4.198
0, 4.201
0, 4.209
0, 4.194
0, 4.217
0, 4.217
0, 4.22
0, 4.216
0, 4.219
0, 4.225
0, 4.227
0, 4.219
0, 4.232
0, 4.248
0, 4.238
0, 4.24
0, 4.24
0, 4.229
0, 4.238
0, 4.241
0, 4.257
0, 4.259
0, 4.255
0, 4.259
0, 4.259
0, 4.267
0, 4.254
0, 4.257
0, 4.274
0, 4.276
0, 4.279
0, 4.279
0, 4.273
0, 4.274
0, 4.269
0, 4.281
0, 4.3
0, 4.295
0, 4.298
0, 4.301
0, 4.295
0, 4.295
0, 4.306
0, 4.299
0, 4.299
0, 4.315
0, 4.316
0, 4.324
0, 4.318
0, 4.314
0, 4.314
0, 4.314
0, 4.336
0, 4.337
0, 4.348
0, 4.342
0, 4.336
0, 4.352
0, 4.352
0, 4.343
0, 4.363
0, 4.359
0, 4.365
0, 4.354
0, 4.363
0, 4.361
0, 4.36
0, 4.348
0, 4.375
0, 4.379
0, 4.374
0, 4.386
0, 4.383
0, 4.385
0, 4.389
0, 4.378
0, 4.399
0, 4.395
0, 4.393
0, 4.399
0, 4.401
0, 4.394
0, 4.412
0, 4.403
0, 4.416
0, 4.414
0, 4.414
0, 4.414
0, 4.406
0, 4.419
0, 4.41
0, 4.421
0, 4.444
0, 4.441
0, 4.435
0, 4.434
0, 4.434
0, 4.441
0, 4.446
0, 4.441
0, 4.465
0, 4.466
0, 4.466
0, 4.462
0, 4.462
0, 4.461
0, 4.461
0, 4.461
0, 4.471
0, 4.485
0, 4.474
0, 4.484
0, 4.477
0, 4.483
0, 4.484
0, 4.479
0, 4.495
0, 4.498
0, 4.498
0, 4.49
0, 4.499
0, 4.502
0, 4.499
0, 4.503
0, 4.511
0, 4.512
0, 4.522
0, 4.518
0, 4.522
0, 4.531
0, 4.51
0, 4.525
0, 4.536
0, 4.534
0, 4.535
0, 4.534
0, 4.538
0, 4.534
0, 4.537
0, 4.543
0, 4.559
0, 4.567
0, 4.563
0, 4.558
0, 4.561
0, 4.557
0, 4.557
0, 4.56
0, 4.586
0, 4.583
0, 4.581
0, 4.586
0, 4.582
0, 4.583
0, 4.577
0, 4.579
0, 4.594
0, 4.593
0, 4.598
0, 4.607
0, 4.598
0, 4.598
0, 4.598
0, 4.607
0, 4.622
0, 4.62
0, 4.615
0, 4.628
0, 4.624
0, 4.614
0, 4.617
0, 4.624
0, 4.64
0, 4.643
0, 4.647
0, 4.636
0, 4.641
0, 4.638
0, 4.643
0, 4.644
0, 4.66
0, 4.661
0, 4.654
0, 4.66
0, 4.662
0, 4.659
0, 4.663
0, 4.664
0, 4.674
0, 4.683
0, 4.682
0, 4.669
0, 4.677
0, 4.678
0, 4.688
0, 4.69
0, 4.699
0, 4.695
0, 4.697
0, 4.709
0, 4.692
0, 4.693
0, 4.695
0, 4.699
0, 4.718
0, 4.712
0, 4.729
0, 4.72
0, 4.71
0, 4.722
0, 4.725
0, 4.725
0, 4.739
0, 4.732
0, 4.736
0, 4.742
0, 4.738
0, 4.747
0, 4.741
0, 4.741
0, 4.755
0, 4.764
0, 4.759
0, 4.765
0, 4.757
0, 4.76
0, 4.764
0, 4.753
0, 4.769
0, 4.774
0, 4.78
0, 4.787
0, 4.777
0, 4.782
0, 4.783
0, 4.791
0, 4.793
0, 4.807
0, 4.808
0, 4.794
0, 4.804
0, 4.794
0, 4.794
0, 4.802
0, 4.813
0, 4.821
0, 4.816
0, 4.824
0, 4.82
0, 4.822
0, 4.824
0, 4.818
0, 4.837
0, 4.843
0, 4.837
0, 4.841
0, 4.843
0, 4.839
0, 4.831
0, 4.832
0, 4.858
0, 4.862
0, 4.856
0, 4.858
0, 4.86
0, 4.863
0, 4.863
0, 4.86
0, 4.879
0, 4.878
0, 4.886
0, 4.879
0, 4.883
0, 4.882
0, 4.876
0, 4.871
0, 4.9
0, 4.897
0, 4.89
0, 4.901
0, 4.902
0, 4.898
0, 4.899
0, 4.893
0, 4.921
0, 4.92
0, 4.925
0, 4.913
0, 4.921
0, 4.912
0, 4.919
0, 4.917
0, 4.941
0, 4.94
0, 4.94
0, 4.941
0, 4.938
0, 4.944
0, 4.942
0, 4.945
0, 4.958
0, 4.954
0, 4.952
0, 4.954
0, 4.959
0, 4.958
0, 4.957
0, 4.959
0, 4.974
0, 4.978
0, 4.979
0, 4.973
0, 4.979
0, 4.979
0, 4.979
0, 4.984
0, 4.998
0, 5.003
0, 5.002
0, 5.002
0, 4.996
0, 5.0
0, 5.002
0, 5.0
0, 5.017
0, 5.019
0, 5.02
0, 5.019
0, 5.022
0, 5.023
0, 5.023
0, 5.018
0, 5.042
0, 5.039
0, 5.032
0, 5.038
0, 5.038
0, 5.04
0, 5.047
0, 5.039
0, 5.054
0, 5.052
0, 5.057
0, 5.062
0, 5.059
0, 5.061
0, 5.057
0, 5.059
0, 5.07
0, 5.083
0, 5.086
0, 5.077
0, 5.085
0, 5.075
0, 5.074
0, 5.08
0, 5.104
0, 5.094
0, 5.1
0, 5.1
0, 5.096
0, 5.091
0, 5.105
0, 5.101
0, 5.11
0, 5.121
0, 5.123
0, 5.119
0, 5.107
0, 5.126
0, 5.115
0, 5.127
0, 5.135
0, 5.136
0, 5.139
0, 5.15
0, 5.146
0, 5.138
0, 5.152
0, 5.137
0, 5.145
0, 5.158
0, 5.159
0, 5.165
0, 5.155
0, 5.155
0, 5.159
0, 5.148
0, 5.175
0, 5.184
0, 5.182
0, 5.175
0, 5.185
0, 5.18
0, 5.185
0, 5.178
0, 5.197
0, 5.197
0, 5.197
0, 5.202
0, 5.198
0, 5.204
0, 5.203
0, 5.197
0, 5.22
0, 5.219
0, 5.222
0, 5.219
0, 5.219
0, 5.223
0, 5.223
0, 5.215
0, 5.242
0, 5.24
0, 5.236
0, 5.236
0, 5.244
0, 5.244
0, 5.242
0, 5.239
0, 5.257
0, 5.26
0, 5.259
0, 5.264
0, 5.251
0, 5.263
0, 5.264
0, 5.262
0, 5.282
0, 5.283
0, 5.292
0, 5.28
0, 5.27
0, 5.284
0, 5.28
0, 5.276
0, 5.293
0, 5.296
0, 5.3
0, 5.298
0, 5.301
0, 5.305
0, 5.302
0, 5.303
0, 5.318
0, 5.312
0, 5.326
0, 5.316
0, 5.318
0, 5.328
0, 5.32
0, 5.322
0, 5.343
0, 5.337
0, 5.33
0, 5.34
0, 5.334
0, 5.332
0, 5.335
0, 5.336
0, 5.353
0, 5.364
0, 5.367
0, 5.356
0, 5.355
0, 5.366
0, 5.367
0, 5.358
0, 5.379
0, 5.377
0, 5.38
0, 5.376
0, 5.382
0, 5.384
0, 5.382
0, 5.374
0, 5.391
0, 5.394
0, 5.397
0, 5.402
0, 5.398
0, 5.399
0, 5.401
0, 5.397
0, 5.416
0, 5.427
0, 5.423
0, 5.42
0, 5.422
0, 5.417
0, 5.415
0, 5.421
0, 5.439
0, 5.434
0, 5.445
0, 5.432
0, 5.45
0, 5.438
0, 5.441
0, 5.441
0, 5.457
0, 5.471
0, 5.458
0, 5.458
0, 5.458
0, 5.46
0, 5.452
0, 5.455
0, 5.479
0, 5.473
0, 5.478
0, 5.49
0, 5.475
0, 5.485
0, 5.486
0, 5.471
0, 5.501
0, 5.502
0, 5.5
0, 5.493
0, 5.501
0, 5.498
0, 5.486
0, 5.491
0, 5.516
0, 5.51
0, 5.515
0, 5.519
0, 5.522
0, 5.518
0, 5.523
0, 5.515
0, 5.536
0, 5.538
0, 5.548
0, 5.541
0, 5.54
0, 5.544
0, 5.543
0, 5.54
0, 5.555
0, 5.56
0, 5.563
0, 5.562
0, 5.558
0, 5.561
0, 5.562
0, 5.553
0, 5.58
0, 5.586
0, 5.581
0, 5.581
0, 5.583
0, 5.574
0, 5.573
0, 5.578
0, 5.589
0, 5.6
0, 5.599
0, 5.609
0, 5.601
0, 5.599
0, 5.601
0, 5.602
0, 5.617
0, 5.621
0, 5.621
0, 5.615
0, 5.613
0, 5.612
0, 5.618
0, 5.618
0, 5.644
0, 5.635
0, 5.638
0, 5.634
0, 5.639
0, 5.633
0, 5.639
0, 5.638
0, 5.653
0, 5.659
0, 5.668
0, 5.646
0, 5.66
0, 5.662
0, 5.66
0, 5.665
0, 5.678
0, 5.68
0, 5.687
0, 5.688
0, 5.678
0, 5.682
0, 5.682
0, 5.681
0, 5.698
0, 5.708
0, 5.702
0, 5.706
0, 5.696
0, 5.703
0, 5.696
0, 5.696
0, 5.718
0, 5.715
0, 5.72
0, 5.716
0, 5.72
0, 5.718
0, 5.712
0, 5.72
0, 5.745
0, 5.732
0, 5.737
0, 5.732
0, 5.749
0, 5.734
0, 5.735
0, 5.741
0, 5.76
0, 5.764
0, 5.759
0, 5.76
0, 5.769
0, 5.756
0, 5.755
0, 5.756
0, 5.781
0, 5.783
0, 5.779
0, 5.774
0, 5.78
0, 5.775
0, 5.777
0, 5.78
0, 5.807
0, 5.8
0, 5.803
0, 5.795
0, 5.795
0, 5.805
0, 5.799
0, 5.798
0, 5.823
0, 5.816
0, 5.821
0, 5.829
0, 5.823
0, 5.829
0, 5.815
0, 5.816
0, 5.85
0, 5.841
0, 5.836
0, 5.847
0, 5.844
0, 5.837
0, 5.843
0, 5.836
0, 5.865
0, 5.86
0, 5.854
0, 5.855
0, 5.86
0, 5.859
0, 5.859
0, 5.856
0, 5.879
0, 5.879
0, 5.876
0, 5.879
0, 5.881
0, 5.876
0, 5.881
0, 5.877
0, 5.887
0, 5.896
0, 5.902
0, 5.896
0, 5.904
0, 5.898
0, 5.898
0, 5.903
0, 5.914
0, 5.922
0, 5.925
0, 5.923
0, 5.913
0, 5.929
0, 5.919
0, 5.915
0, 5.928
0, 5.937
0, 5.94
0, 5.944
0, 5.938
0, 5.942
0, 5.938
0, 5.934
0, 5.961
0, 5.951
0, 5.96
0, 5.957
0, 5.961
0, 5.964
0, 5.958
0, 5.959
0, 5.972
0, 5.981
0, 5.981
0, 5.979
0, 5.98
0, 5.98
0, 5.979
0, 5.982
0, 5.998
0, 5.997
0, 6.0
0, 6.0
0, 6.004
0, 5.999
0, 5.998
