commande, current 
-0.0026551103244117557, 0.0087890625
-0.002380443739127781, 0.00634765625
-0.00271614734336375, 0.01611328125
-0.002868739890743736, 0.009765625
-0.002533036286507767, 0.00439453125
-0.00271614734336375, 0.0068359375
-0.00173955504013184, 0.0283203125
-0.0015259254737998596, 0.02685546875
-0.0008850367748039186, 0.0205078125
-0.0019837031159398175, 0.03369140625
-0.0017700735496078372, 0.03076171875
-0.0013428144169438765, 0.0498046875
-0.0014648884548478652, 0.05029296875
-0.0017090365306558428, 0.05322265625
-0.00024414807580797754, 0.0439453125
-0.001281777397991882, 0.056640625
-0.00027466658528397473, 0.072265625
-0.00012207403790398877, 0.06982421875
0.00027466658528397473, 0.06640625
0.0006103701895199438, 0.0654296875
-6.103701895199438e-05, 0.0712890625
0.00027466658528397473, 0.09033203125
0.00018311105685598315, 0.095703125
0.0010376293221839045, 0.09033203125
0.0011291848506118961, 0.087890625
0.000793481246375927, 0.08447265625
0.00173955504013184, 0.10546875
0.001586962492751854, 0.109375
0.0017700735496078372, 0.10595703125
0.0014038514358958708, 0.10986328125
0.001586962492751854, 0.107421875
0.0024414807580797754, 0.12744140625
0.0019226660969878231, 0.12841796875
0.0015564439832758568, 0.13525390625
0.002380443739127781, 0.12890625
0.0014038514358958708, 0.13623046875
0.003143406476027711, 0.1494140625
0.003173924985503708, 0.1474609375
0.0032349620044557024, 0.14697265625
0.0027466658528397473, 0.15087890625
0.002838221381267739, 0.14892578125
0.0036927396465956603, 0.171875
0.003204443494979705, 0.171875
0.0034180730613116855, 0.16748046875
0.003509628589739677, 0.1728515625
0.0036011841181676687, 0.1728515625
0.004882961516159551, 0.1875
0.004547257911923582, 0.1875
0.004394665364543596, 0.19140625
0.004150517288735618, 0.1923828125
0.004486220892971587, 0.18798828125
0.005401776177251503, 0.21337890625
0.005340739158299509, 0.21435546875
0.00521866512039552, 0.2099609375
0.004821924497207556, 0.21533203125
0.005523850215155492, 0.20703125
0.006805627613147374, 0.22607421875
0.006134220404675436, 0.22900390625
0.006164738914151433, 0.22900390625
0.006378368480483413, 0.22509765625
0.005859553819391461, 0.232421875
0.0073854792931913205, 0.24755859375
0.006775109103671377, 0.251953125
0.007324442274239326, 0.24755859375
0.007354960783715323, 0.25
0.007293923764763329, 0.248046875
0.007293923764763329, 0.27490234375
0.007629627368999298, 0.271484375
0.0073854792931913205, 0.271484375
0.00784325693533128, 0.26611328125
0.007507553331095309, 0.26806640625
0.008575701162755212, 0.29248046875
0.0086977752006592, 0.291015625
0.009155552842799158, 0.2861328125
0.00891140476699118, 0.287109375
0.00891140476699118, 0.28759765625
0.009094515823847163, 0.31201171875
0.009399700918607135, 0.306640625
0.009094515823847163, 0.3115234375
0.00946073793755913, 0.30419921875
0.009277626880703146, 0.3095703125
0.009949034089175085, 0.3330078125
0.010132145146031068, 0.330078125
0.009918515579699088, 0.3330078125
0.010284737693411055, 0.330078125
0.01022370067445906, 0.33056640625
0.010589922788171027, 0.34912109375
0.011993774224066897, 0.341796875
0.011383404034546954, 0.34912109375
0.011505478072450942, 0.35009765625
0.011810663167210914, 0.345703125
0.011535996581926939, 0.373046875
0.011566515091402937, 0.36962890625
0.011780144657734916, 0.3662109375
0.011474959562974944, 0.37255859375
0.012024292733542894, 0.369140625
0.01272621845149083, 0.38818359375
0.012421033356730858, 0.39013671875
0.01217688528092288, 0.3955078125
0.012756736960966826, 0.38818359375
0.012848292489394819, 0.38818359375
0.01315347758415479, 0.41064453125
0.012604144413586841, 0.416015625
0.013214514603106785, 0.41064453125
0.01336710715048677, 0.40625
0.013336588641010774, 0.40673828125
0.014191106906338695, 0.4296875
0.01391644032105472, 0.43359375
0.01336710715048677, 0.4306640625
0.013977477340006714, 0.42724609375
0.013824884792626729, 0.4296875
0.014709921567430647, 0.45068359375
0.014374217963194678, 0.4501953125
0.014496292001098667, 0.45263671875
0.01467940305795465, 0.451171875
0.014618366039002656, 0.45166015625
0.014984588152714622, 0.46923828125
0.015594958342234566, 0.4697265625
0.015625476851710562, 0.46630859375
0.014770958586382641, 0.46826171875
0.014923551133762628, 0.47119140625
0.01568651387066256, 0.494140625
0.016022217474898525, 0.486328125
0.016022217474898525, 0.49267578125
0.01638843958861049, 0.48876953125
0.016296884060182502, 0.48681640625
0.015930661946470536, 0.51416015625
0.016754661702322458, 0.50341796875
0.016602069154942473, 0.5087890625
0.016052735984374525, 0.5107421875
0.01599169896542253, 0.513671875
0.017242957853938413, 0.5283203125
0.017212439344462416, 0.52685546875
0.0173650318918424, 0.52783203125
0.01666310617389447, 0.53515625
0.01751762443922239, 0.5283203125
0.0173955504013184, 0.5546875
0.01748710592974639, 0.54931640625
0.017273476363414413, 0.55126953125
0.017853328043458357, 0.54541015625
0.017273476363414413, 0.5498046875
0.018524735251930297, 0.568359375
0.017731254005554368, 0.572265625
0.018005920590838345, 0.564453125
0.017731254005554368, 0.57568359375
0.018005920590838345, 0.56884765625
0.0184942167424543, 0.5908203125
0.01861629078035829, 0.5888671875
0.018402661214026308, 0.5927734375
0.01834162419507431, 0.59521484375
0.018311105685598315, 0.5859375
0.019196142460402233, 0.60986328125
0.019043549913022248, 0.60986328125
0.01925717947935423, 0.6064453125
0.018402661214026308, 0.61572265625
0.018829920346690267, 0.61083984375
0.019959105197302165, 0.626953125
0.019318216498306222, 0.6357421875
0.01977599414044618, 0.626953125
0.019043549913022248, 0.63427734375
0.019409772026734214, 0.634765625
0.019745475630970184, 0.65234375
0.019928586687826166, 0.6494140625
0.019684438612018188, 0.654296875
0.020081179235206154, 0.64892578125
0.02011169774468215, 0.64794921875
0.020355845820490128, 0.66845703125
0.0206610309152501, 0.669921875
0.020477919858394117, 0.67041015625
0.020599993896298106, 0.67236328125
0.02053895687734611, 0.66796875
0.02099673451948607, 0.69189453125
0.020966216010010072, 0.69189453125
0.021698660237434005, 0.685546875
0.02151554918057802, 0.68408203125
0.022034363841669975, 0.68310546875
0.02206488235114597, 0.70703125
0.02151554918057802, 0.70947265625
0.021912289803765986, 0.70751953125
0.021912289803765986, 0.7060546875
0.021790215765861997, 0.7099609375
0.021607104709006012, 0.73291015625
0.02230903042695395, 0.72607421875
0.02185125278481399, 0.73486328125
0.021698660237434005, 0.732421875
0.02206488235114597, 0.73095703125
0.02337717825861385, 0.74462890625
0.0228278450880459, 0.75244140625
0.02334665974913785, 0.74755859375
0.0228278450880459, 0.75146484375
0.023438215277565844, 0.74560546875
0.022675252540665915, 0.7744140625
0.023071993163853877, 0.77099609375
0.023224585711233862, 0.76806640625
0.023712881862849818, 0.76708984375
0.023224585711233862, 0.7705078125
0.023895992919705802, 0.7919921875
0.0239265114291818, 0.7880859375
0.024170659504989776, 0.78759765625
0.023407696768089847, 0.79248046875
0.023957029938657795, 0.79150390625
0.024689474166081728, 0.80810546875
0.023773918881801814, 0.81591796875
0.024506363109225746, 0.8095703125
0.024719992675557727, 0.806640625
0.02459791863765374, 0.80908203125
0.02490310373241371, 0.8271484375
0.02478102969450972, 0.8291015625
0.025025177770317698, 0.82958984375
0.024811548203985716, 0.83154296875
0.024628437147129735, 0.83349609375
0.025910214545121615, 0.8505859375
0.02523880733664968, 0.84814453125
0.025269325846125675, 0.8486328125
0.02490310373241371, 0.85107421875
0.02542191839350566, 0.84619140625
0.0260933256019776, 0.86962890625
0.026184881130405593, 0.87109375
0.026337473677785578, 0.8681640625
0.02563554795983764, 0.869140625
0.025788140507217627, 0.87353515625
0.026490066225165563, 0.89013671875
0.02642902920621357, 0.888671875
0.026367992187261574, 0.89111328125
0.02621539963988159, 0.8916015625
0.026184881130405593, 0.8935546875
0.027588732566301462, 0.904296875
0.0271919919431135, 0.90576171875
0.027344584490493484, 0.91162109375
0.026886806848353526, 0.91064453125
0.02661214026306955, 0.90771484375
0.027466658528397473, 0.931640625
0.02835169530320139, 0.92333984375
0.027466658528397473, 0.9296875
0.02749717703787347, 0.931640625
0.02737510299996948, 0.93310546875
0.027741325113681447, 0.95166015625
0.027893917661061435, 0.95068359375
0.028077028717917417, 0.94970703125
0.028778954435865353, 0.94482421875
0.027619251075777458, 0.95166015625
0.027741325113681447, 0.97900390625
0.028870509964293346, 0.9658203125
0.027924436170537432, 0.9736328125
0.029236732078005312, 0.96484375
0.02893154698324534, 0.9697265625
0.027985473189489424, 0.9990234375
0.02893154698324534, 0.99267578125
0.028656880397961364, 0.99267578125
0.02948088015381329, 0.98388671875
0.02914517654957732, 0.98828125
0.029175695059053316, 1.013671875
0.028992584002197334, 1.013671875
0.028748435926389357, 1.013671875
0.02966399121066927, 1.0068359375
0.029602954191717278, 1.00830078125
0.029541917172765282, 1.0302734375
0.02978606524857326, 1.0302734375
0.030182805871761222, 1.0263671875
0.02978606524857326, 1.029296875
0.029816583758049256, 1.03271484375
0.030518509475997192, 1.048828125
0.02999969481490524, 1.05078125
0.030396435438093204, 1.048828125
0.030518509475997192, 1.05078125
0.030793176061281166, 1.04833984375
0.030915250099185155, 1.0693359375
0.030854213080233162, 1.06591796875
0.03088473158970916, 1.0712890625
0.029938657795953245, 1.078125
0.030823694570757166, 1.06689453125
0.03143406476027711, 1.08544921875
0.03122043519394513, 1.09228515625
0.03143406476027711, 1.08642578125
0.030854213080233162, 1.09228515625
0.030854213080233162, 1.09326171875
0.031708731345561084, 1.11279296875
0.031342509231849114, 1.1142578125
0.03140354625080111, 1.111328125
0.031128879665517136, 1.1162109375
0.031037324137089144, 1.115234375
0.03250221259193701, 1.12841796875
0.032380138554033024, 1.1298828125
0.032441175572985016, 1.12890625
0.03295999023407697, 1.12158203125
0.03186132389294107, 1.1337890625
0.032532731101413005, 1.1494140625
0.03210547196874905, 1.15478515625
0.03225806451612903, 1.15087890625
0.03241065706350902, 1.15087890625
0.032532731101413005, 1.14892578125
0.033356730857264934, 1.169921875
0.03314310129093295, 1.16552734375
0.032685323648792994, 1.16943359375
0.033417767876216926, 1.166015625
0.032593768120365005, 1.17138671875
0.03390606402783288, 1.1845703125
0.03360087893307291, 1.18994140625
0.03381450849940489, 1.1884765625
0.033570360423596915, 1.1904296875
0.033661915952024904, 1.18994140625
0.03451643421735282, 1.2060546875
0.03363139744254891, 1.21142578125
0.033509323404644915, 1.2138671875
0.03460798974578082, 1.2041015625
0.034089175084688866, 1.2119140625
0.03390606402783288, 1.234375
0.034485915707876826, 1.22802734375
0.034180730613116855, 1.22900390625
0.03384502700888089, 1.23291015625
0.03457747123630482, 1.23095703125
0.03378398998992889, 1.2548828125
0.03402813806573687, 1.2548828125
0.03384502700888089, 1.2587890625
0.03503524887844478, 1.24560546875
0.035065767387920777, 1.24609375
0.034852137821588795, 1.27294921875
0.03537095248268075, 1.2685546875
0.03540147099215674, 1.26416015625
0.03543198950163274, 1.26708984375
0.03543198950163274, 1.26708984375
0.035523545030060735, 1.287109375
0.035523545030060735, 1.28759765625
0.03537095248268075, 1.29296875
0.03564561906796472, 1.287109375
0.03518784142582476, 1.28955078125
0.03509628589739677, 1.31884765625
0.03595080416272469, 1.30810546875
0.03656117435224464, 1.3017578125
0.035065767387920777, 1.3154296875
0.03576769310586871, 1.31396484375
0.03555406353953673, 1.3369140625
0.036591692861720634, 1.3271484375
0.03677480391857662, 1.32568359375
0.03671376689962462, 1.326171875
0.035828730124820705, 1.32861328125
0.03656117435224464, 1.3515625
0.03646961882381664, 1.353515625
0.036805322428052616, 1.349609375
0.03677480391857662, 1.34912109375
0.03677480391857662, 1.34912109375
0.03668324839014862, 1.37548828125
0.037110507522812586, 1.37353515625
0.0370189519943846, 1.37109375
0.0380260628070925, 1.36279296875
0.036500137333292645, 1.37451171875
0.03790398876918851, 1.38623046875
0.0369884334849086, 1.3916015625
0.03784295175023652, 1.3896484375
0.0369273964659566, 1.39599609375
0.03735465559862056, 1.38720703125
0.03769035920285653, 1.404296875
0.03750724814600055, 1.41015625
0.03860591448713645, 1.404296875
0.03796502578814051, 1.41015625
0.03793450727866451, 1.41064453125
0.038239692373424485, 1.43115234375
0.037659840693380534, 1.43896484375
0.037659840693380534, 1.4365234375
0.03842280343028046, 1.4306640625
0.038178655354472485, 1.431640625
0.03842280343028046, 1.451171875
0.0380565813165685, 1.453125
0.038758507034516436, 1.44580078125
0.03836176641132847, 1.45068359375
0.03848384044923246, 1.453125
0.03964354380932035, 1.46826171875
0.03946043275246437, 1.46826171875
0.03967406231879635, 1.46728515625
0.039429914242988376, 1.4677734375
0.039216284676656395, 1.4677734375
0.03970458082827235, 1.4873046875
0.039735099337748346, 1.4853515625
0.03946043275246437, 1.48974609375
0.03939939573351237, 1.4892578125
0.040406506546220286, 1.48681640625
0.03946043275246437, 1.5107421875
0.039307840205084384, 1.51416015625
0.0391857661671804, 1.51318359375
0.03994872890408033, 1.5107421875
0.0391247291482284, 1.51416015625
0.041169469283120215, 1.5185546875
0.040650654622028264, 1.52197265625
0.04123050630207221, 1.5185546875
0.039613025299844354, 1.53369140625
0.040131839960936305, 1.52880859375
0.04074221015045625, 1.55029296875
0.04046754356517228, 1.54833984375
0.04104739524521622, 1.5498046875
0.04104739524521622, 1.544921875
0.04037598803674428, 1.55615234375
0.041016876735740226, 1.57080078125
0.04123050630207221, 1.5703125
0.04086428418836024, 1.572265625
0.04089480269783624, 1.56982421875
0.041261024811548204, 1.5693359375
0.041016876735740226, 1.59375
0.04153569139683218, 1.59033203125
0.041932432020020144, 1.58544921875
0.04171880245368816, 1.58837890625
0.042146061586352125, 1.58642578125
0.04181035798211615, 1.60986328125
0.04199346903897214, 1.609375
0.04123050630207221, 1.6142578125
0.0424207281716361, 1.6025390625
0.041688283944212166, 1.61328125
0.042603839228492084, 1.62890625
0.041169469283120215, 1.63916015625
0.04293954283272805, 1.62451171875
0.0423902096621601, 1.63037109375
0.042237617114780114, 1.62744140625
0.04226813562425611, 1.65478515625
0.04272591326639607, 1.6513671875
0.042359691152684106, 1.654296875
0.04272591326639607, 1.64404296875
0.04211554307687613, 1.65576171875
0.04293954283272805, 1.669921875
0.042542802209540084, 1.67333984375
0.04281746879482406, 1.66845703125
0.041932432020020144, 1.67626953125
0.04269539475692007, 1.66845703125
0.04272591326639607, 1.69384765625
0.04382457960753197, 1.68359375
0.04257332071901608, 1.6943359375
0.043885616626483964, 1.685546875
0.042756431775872066, 1.693359375
0.04345835749382, 1.7119140625
0.04391613513595996, 1.708984375
0.04354991302224799, 1.71142578125
0.043214209418012024, 1.7138671875
0.044038209173863946, 1.7041015625
0.043733024079103976, 1.72802734375
0.04391613513595996, 1.72998046875
0.04379406109805597, 1.73291015625
0.04394665364543596, 1.7265625
0.04400769066438795, 1.72802734375
0.04412976470229194, 1.751953125
0.04477065340128788, 1.74365234375
0.044404431287575916, 1.75048828125
0.04397717215491195, 1.75537109375
0.04406872768333995, 1.74951171875
0.044862208929715874, 1.767578125
0.04492324594866787, 1.7666015625
0.04397717215491195, 1.7744140625
0.0446180608539079, 1.7705078125
0.044709616382335886, 1.7666015625
0.045686208685567796, 1.783203125
0.0446180608539079, 1.7919921875
0.04489272743919187, 1.78662109375
0.045014801477095856, 1.78466796875
0.044557023834955904, 1.791015625
0.04467909787285989, 1.81396484375
0.044495986816003905, 1.81982421875
0.04474013489181188, 1.81201171875
0.04474013489181188, 1.81201171875
0.04504531998657186, 1.81103515625
0.04513687551499985, 1.8359375
0.04556413464766381, 1.828125
0.045686208685567796, 1.828125
0.045381023590807826, 1.83251953125
0.045258949552903834, 1.83447265625
0.04574724570451979, 1.85107421875
0.04544206060975982, 1.853515625
0.04629657887508774, 1.84716796875
0.04544206060975982, 1.853515625
0.0467848750267037, 1.8427734375
0.04663228247932371, 1.86767578125
0.047120578630939665, 1.8662109375
0.04611346781823176, 1.87158203125
0.04608294930875576, 1.8740234375
0.047486800744651635, 1.8583984375
0.04684591204565569, 1.8916015625
0.04699850459303568, 1.8896484375
0.047425763725699635, 1.8837890625
0.04589983825189978, 1.8955078125
0.046815393536179695, 1.8837890625
0.0467848750267037, 1.908203125
0.04626606036561175, 1.919921875
0.04693746757408368, 1.9052734375
0.047029023102511676, 1.91015625
0.04773094882045961, 1.90380859375
0.04715109714041566, 1.9326171875
0.04770043031098361, 1.9287109375
0.04751731925412763, 1.927734375
0.04766991180150761, 1.9267578125
0.0466933194982757, 1.9404296875
0.04751731925412763, 1.95654296875
0.04776146732993561, 1.94970703125
0.047791985839411605, 1.9521484375
0.04718161564989166, 1.9501953125
0.04852443006683554, 1.94091796875
0.04803613391521958, 1.96875
0.04864650410473952, 1.96826171875
0.04730368968779565, 1.978515625
0.04739524521622364, 1.9755859375
0.04766991180150761, 1.97412109375
0.048097170934171575, 1.99072265625
0.04773094882045961, 1.99267578125
0.04843287453840754, 1.98681640625
0.04806665242469558, 1.9912109375
0.0478530228583636, 1.99365234375
0.048554948576311534, 2.01611328125
0.04873805963316752, 2.0087890625
0.04873805963316752, 2.0078125
0.04947050386059145, 2.005859375
0.048463393047883545, 2.015625
0.04873805963316752, 2.0361328125
0.049958800012207406, 2.0224609375
0.049073763237403485, 2.02978515625
0.048310800500503556, 2.03759765625
0.04879909665211951, 2.03515625
0.04980620746482742, 2.044921875
0.049287392803735466, 2.05078125
0.049958800012207406, 2.0439453125
0.04934842982268746, 2.05224609375
0.04950102237006745, 2.0517578125
0.049226355784783474, 2.078125
0.04913480025635548, 2.0751953125
0.04977568895535142, 2.068359375
0.04992828150273141, 2.0673828125
0.0489211706900235, 2.0751953125
0.05099642933439131, 2.08154296875
0.05096591082491531, 2.08154296875
0.05032502212591937, 2.08935546875
0.050355540635395366, 2.08740234375
0.05069124423963134, 2.0810546875
0.05047761467329936, 2.11083984375
0.05047761467329936, 2.10888671875
0.04992828150273141, 2.11279296875
0.04992828150273141, 2.11083984375
0.0499893185216834, 2.1103515625
0.05059968871120334, 2.13037109375
0.05011139255958739, 2.1298828125
0.05026398510696738, 2.12939453125
0.05063020722067934, 2.126953125
0.050508133182775354, 2.12890625
0.05127109591967528, 2.14794921875
0.051698355052339245, 2.142578125
0.05056917020172735, 2.1513671875
0.0510879848628193, 2.15283203125
0.05175939207129124, 2.14208984375
0.05075228125858333, 2.17431640625
0.05191198461867123, 2.166015625
0.051698355052339245, 2.16943359375
0.05175939207129124, 2.16748046875
0.05154576250495926, 2.17041015625
0.051118503372295294, 2.1982421875
0.051484725486007264, 2.19091796875
0.051698355052339245, 2.19140625
0.05163731803338725, 2.19482421875
0.05197302163762322, 2.1884765625
0.05160679952391125, 2.216796875
0.05224768822290719, 2.21533203125
0.052766502883999145, 2.2041015625
0.05160679952391125, 2.2158203125
0.052308725241859186, 2.2080078125
0.05264442884609516, 2.23046875
0.05264442884609516, 2.22900390625
0.05294961394085513, 2.22509765625
0.052095095675527205, 2.23486328125
0.05240028077028718, 2.228515625
0.05282753990295114, 2.251953125
0.05310220648823512, 2.25048828125
0.05355998413037507, 2.24755859375
0.05337687307351909, 2.24755859375
0.05319376201666311, 2.24853515625
0.053437910092471085, 2.26806640625
0.05331583605456709, 2.271484375
0.053346354564043096, 2.27099609375
0.05337687307351909, 2.2705078125
0.05368205816827906, 2.263671875
0.053346354564043096, 2.2900390625
0.053437910092471085, 2.2919921875
0.054048280281991025, 2.28369140625
0.05359050263985107, 2.291015625
0.053651539658803066, 2.28857421875
0.054200872829371013, 2.30908203125
0.054628131962034976, 2.30615234375
0.053529465620899074, 2.31005859375
0.05392620624408704, 2.30908203125
0.053956724753563036, 2.30859375
0.05487228003784295, 2.32568359375
0.054933317056794946, 2.32275390625
0.05453657643360698, 2.328125
0.05389568773461104, 2.3330078125
0.05511642811365093, 2.3203125
0.05505539109469894, 2.3447265625
0.055085909604174935, 2.34375
0.05487228003784295, 2.34814453125
0.05468916898098697, 2.3515625
0.054292428357799, 2.35302734375
0.05499435407574694, 2.3701171875
0.05496383556627094, 2.36962890625
0.05468916898098697, 2.3720703125
0.05484176152836696, 2.37255859375
0.055085909604174935, 2.373046875
0.05496383556627094, 2.39306640625
0.055604724265266886, 2.39013671875
0.05536057618945891, 2.39306640625
0.055024872585222935, 2.38818359375
0.05566576128421888, 2.38525390625
0.056001464888454845, 2.408203125
0.056276131473738826, 2.40625
0.05612353892635884, 2.408203125
0.056062501907406845, 2.40966796875
0.0554216132084109, 2.41552734375
0.05587939085055086, 2.43212890625
0.056520279549546804, 2.42431640625
0.05609302041688284, 2.43212890625
0.056367687002166815, 2.4248046875
0.0564897610400708, 2.4248046875
0.05624561296426282, 2.44873046875
0.05609302041688284, 2.455078125
0.05691702017273476, 2.44921875
0.05624561296426282, 2.44921875
0.057039094210638755, 2.44873046875
0.057252723776970736, 2.46533203125
0.05789361247596667, 2.45947265625
0.056367687002166815, 2.4775390625
0.05728324228644673, 2.46923828125
0.05691702017273476, 2.4677734375
0.05719168675801874, 2.49072265625
0.05685598315378277, 2.49462890625
0.05728324228644673, 2.48974609375
0.05783257545701468, 2.4873046875
0.05783257545701468, 2.4853515625
0.057130649739066744, 2.5146484375
0.05737479781487472, 2.51220703125
0.057344279305398725, 2.5107421875
0.05740531632435072, 2.51025390625
0.057557908871730706, 2.50830078125
0.05816827906125065, 2.52294921875
0.057954649494918666, 2.529296875
0.05859553819391461, 2.52587890625
0.05719168675801874, 2.53564453125
0.058473464156010624, 2.52294921875
0.05838190862758263, 2.55322265625
0.05777153843806269, 2.55322265625
0.05856501968443861, 2.546875
0.05798516800439467, 2.55126953125
0.057802056947538684, 2.54736328125
0.05807672353282266, 2.572265625
0.0586565752128666, 2.56591796875
0.058229316080202646, 2.5703125
0.05911435285500656, 2.56591796875
0.058626056703390605, 2.5712890625
0.058778649250770594, 2.59033203125
0.0586565752128666, 2.591796875
0.05859553819391461, 2.59326171875
0.058534501174962617, 2.591796875
0.05816827906125065, 2.59765625
0.059205908383434556, 2.60986328125
0.059205908383434556, 2.61474609375
0.059907834101382486, 2.60107421875
0.05896176030762658, 2.6142578125
0.05951109347819453, 2.6103515625
0.05963316751609851, 2.626953125
0.05969420453505051, 2.62646484375
0.06009094515823847, 2.62548828125
0.059907834101382486, 2.630859375
0.06018250068666647, 2.62939453125
0.06054872280037843, 2.64208984375
0.05984679708243049, 2.6513671875
0.05987731559190649, 2.6533203125
0.06106753746147038, 2.6435546875
0.06064027832880642, 2.64501953125
0.060579241309854426, 2.66796875
0.06070131534775842, 2.66748046875
0.06012146366771447, 2.67333984375
0.059907834101382486, 2.67431640625
0.060884426404614396, 2.66455078125
0.06076235236671041, 2.68994140625
0.06149479659413434, 2.6826171875
0.06067079683828242, 2.69189453125
0.06009094515823847, 2.69091796875
0.06097598193304239, 2.6884765625
0.06106753746147038, 2.712890625
0.061128574480422374, 2.70751953125
0.06149479659413434, 2.7080078125
0.0608539078951384, 2.71484375
0.06064027832880642, 2.71484375
0.06118961149937437, 2.73046875
0.061555833613086336, 2.732421875
0.06131168553727836, 2.72998046875
0.06167790765099033, 2.72802734375
0.0619830927457503, 2.7265625
0.061342204046754355, 2.75634765625
0.06189153721732231, 2.75
0.06152531510361034, 2.75634765625
0.06118961149937437, 2.75927734375
0.06109805597094638, 2.75390625
0.06256294442579424, 2.76708984375
0.06271553697317422, 2.765625
0.06311227759636219, 2.76318359375
0.06265449995422223, 2.76611328125
0.06244087038789026, 2.76953125
0.0630207220679342, 2.78173828125
0.06247138889736625, 2.78955078125
0.06271553697317422, 2.78564453125
0.06216620380260628, 2.79150390625
0.06247138889736625, 2.7880859375
0.06271553697317422, 2.80810546875
0.06259346293527024, 2.810546875
0.06259346293527024, 2.81103515625
0.06241035187841426, 2.8125
0.06286812952055422, 2.8095703125
0.06280709250160223, 2.83154296875
0.06262398144474624, 2.83447265625
0.06286812952055422, 2.8330078125
0.06289864803003022, 2.83203125
0.06289864803003022, 2.8330078125
0.06375316629535814, 2.849609375
0.06390575884273812, 2.8505859375
0.06414990691854609, 2.84912109375
0.06381420331431013, 2.853515625
0.06414990691854609, 2.845703125
0.0642109439374981, 2.8701171875
0.06378368480483414, 2.8759765625
0.0640888698995941, 2.869140625
0.06442457350383007, 2.869140625
0.0640583513901181, 2.87060546875
0.06445509201330607, 2.890625
0.06451612903225806, 2.89404296875
0.065248573259682, 2.88623046875
0.06494338816492203, 2.88720703125
0.06497390667439802, 2.88525390625
0.06442457350383007, 2.91259765625
0.065126499221778, 2.90576171875
0.06546220282601398, 2.908203125
0.06485183263649404, 2.90478515625
0.06436353648487808, 2.91162109375
0.065279091769158, 2.927734375
0.06561479537339396, 2.92724609375
0.06558427686391796, 2.92431640625
0.06518753624073001, 2.93017578125
0.065126499221778, 2.93017578125
0.065095980712302, 2.9541015625
0.065309610278634, 2.95068359375
0.065095980712302, 2.9521484375
0.06534012878810999, 2.9501953125
0.06454664754173406, 2.95849609375
0.06668294320505387, 2.96337890625
0.06601153599658192, 2.96630859375
0.06543168431653798, 2.97509765625
0.06546220282601398, 2.96923828125
0.06555375835444197, 2.9716796875
0.0663167210913419, 2.9912109375
0.06671346171452987, 2.98583984375
0.06579790643024995, 2.98876953125
0.06656086916714987, 2.98876953125
0.06656086916714987, 2.98583984375
0.06686605426190985, 3.00732421875
0.06704916531876583, 3.0009765625
0.06607257301553392, 3.01513671875
0.06643879512924589, 3.01220703125
0.06646931363872188, 3.017578125
0.0663167210913419, 3.0361328125
0.06704916531876583, 3.02978515625
0.06668294320505387, 3.03125
0.0663167210913419, 3.037109375
0.06695760979033784, 3.03369140625
0.06775109103671377, 3.04541015625
0.06732383190404981, 3.05126953125
0.06781212805566576, 3.046875
0.06790368358409375, 3.04345703125
0.06781212805566576, 3.04296875
0.06833094271675771, 3.06591796875
0.06796472060304574, 3.0693359375
0.06781212805566576, 3.0693359375
0.06823938718832973, 3.06787109375
0.06720175786614582, 3.07568359375
0.06787316507461776, 3.09326171875
0.06839197973570971, 3.08984375
0.0684224982451857, 3.08740234375
0.0686056093020417, 3.08447265625
0.06836146122623371, 3.08740234375
0.06820886867885373, 3.11083984375
0.06811731315042574, 3.11279296875
0.06839197973570971, 3.10888671875
0.06836146122623371, 3.10791015625
0.06747642445142979, 3.12109375
0.06927701651051363, 3.123046875
0.0684224982451857, 3.1298828125
0.06897183141575365, 3.12451171875
0.06915494247260964, 3.12744140625
0.06866664632099369, 3.126953125
0.06854457228308969, 3.15234375
0.06857509079256568, 3.15771484375
0.06970427564317759, 3.14599609375
0.06915494247260964, 3.15185546875
0.06933805352946562, 3.1494140625
0.06982634968108158, 3.16552734375
0.06851405377361369, 3.17529296875
0.07003997924741355, 3.16259765625
0.06976531266212958, 3.1689453125
0.06927701651051363, 3.17236328125
0.07007049775688956, 3.1845703125
0.07003997924741355, 3.1865234375
0.06976531266212958, 3.18896484375
0.0694906460768456, 3.193359375
0.07043671987060152, 3.18359375
0.07010101626636556, 3.20947265625
0.07016205328531755, 3.2119140625
0.07013153477584155, 3.20849609375
0.0705282753990295, 3.20947265625
0.07110812707907346, 3.2041015625
0.07061983092745751, 3.23193359375
0.07119968260750145, 3.22607421875
0.0707113864558855, 3.23193359375
0.07058931241798151, 3.22802734375
0.07046723838007751, 3.232421875
0.07110812707907346, 3.2470703125
0.07129123813592944, 3.2431640625
0.07113864558854946, 3.24755859375
0.07058931241798151, 3.25439453125
0.07113864558854946, 3.248046875
0.07202368236335338, 3.26123046875
0.07156590472121342, 3.27001953125
0.0707113864558855, 3.2744140625
0.07104709006012147, 3.27587890625
0.07129123813592944, 3.26708984375
0.07266457106234932, 3.28271484375
0.07187108981597339, 3.2890625
0.07080294198431349, 3.29541015625
0.07217627491073336, 3.2841796875
0.07095553453169347, 3.29736328125
0.07138279366435743, 3.3203125
0.0717490157780694, 3.31396484375
0.07293923764763328, 3.29736328125
0.07220679342020936, 3.31103515625
0.07269508957182531, 3.30615234375
0.07235938596758934, 3.33154296875
0.07287820062868129, 3.32666015625
0.07238990447706534, 3.33056640625
0.07287820062868129, 3.32666015625
0.07269508957182531, 3.32958984375
0.07248146000549333, 3.3515625
0.07287820062868129, 3.35009765625
0.07272560808130131, 3.3515625
0.07266457106234932, 3.35205078125
0.0727866451002533, 3.3515625
0.07327494125186926, 3.3671875
0.07303079317606129, 3.37451171875
0.07351908932767724, 3.3662109375
0.0739158299508652, 3.36767578125
0.07342753379924924, 3.373046875
0.07434308908352916, 3.38427734375
0.07293923764763328, 3.3974609375
0.07315286721396527, 3.39599609375
0.0738547929319132, 3.3896484375
0.07336649678029725, 3.392578125
0.07412945951719718, 3.40966796875
0.07422101504562517, 3.4052734375
0.07419049653614918, 3.408203125
0.07376323740348521, 3.41357421875
0.07373271889400922, 3.4140625
0.07531968138676107, 3.42431640625
0.07419049653614918, 3.43115234375
0.07452620014038515, 3.42626953125
0.07406842249824519, 3.43408203125
0.07513657032990509, 3.42822265625
0.07541123691518906, 3.44775390625
0.07541123691518906, 3.4443359375
0.07541123691518906, 3.44677734375
0.07519760734885708, 3.44775390625
0.07495345927304911, 3.45068359375
0.07483138523514511, 3.47265625
0.07565538499099704, 3.46630859375
0.07553331095309306, 3.46630859375
0.07559434797204505, 3.46875
0.07522812585833308, 3.470703125
0.07528916287728507, 3.49169921875
0.07544175542466507, 3.49072265625
0.07565538499099704, 3.4873046875
0.07516708883938109, 3.4931640625
0.07550279244361706, 3.48876953125
0.07657094027527696, 3.50732421875
0.07550279244361706, 3.50927734375
0.07574694051942503, 3.50927734375
0.07535019989623706, 3.51220703125
0.07519760734885708, 3.515625
0.07660145878475295, 3.5283203125
0.07675405133213294, 3.52783203125
0.07675405133213294, 3.52734375
0.07650990325632497, 3.52880859375
0.07663197729422895, 3.529296875
0.07693716238898893, 3.546875
0.07663197729422895, 3.55078125
0.07681508835108493, 3.55126953125
0.07666249580370495, 3.54931640625
0.07660145878475295, 3.54736328125
0.07705923642689291, 3.56689453125
0.07638782921842097, 3.57177734375
0.07727286599322489, 3.56298828125
0.07687612537003692, 3.57275390625
0.07702871791741692, 3.56787109375
0.07785271767326883, 3.587890625
0.07760856959746086, 3.58935546875
0.07773064363536485, 3.5859375
0.0771813104647969, 3.59423828125
0.07791375469222084, 3.5859375
0.07776116214484084, 3.6083984375
0.07739494003112889, 3.61328125
0.07760856959746086, 3.60986328125
0.07785271767326883, 3.61083984375
0.07770012512588885, 3.6103515625
0.07779168065431684, 3.62939453125
0.07806634723960082, 3.626953125
0.07849360637226478, 3.625
0.07757805108798486, 3.6337890625
0.07873775444807275, 3.62841796875
0.07788323618274484, 3.65478515625
0.0782799768059328, 3.654296875
0.0792565691091647, 3.64599609375
0.07879879146702475, 3.6474609375
0.07879879146702475, 3.64599609375
0.07907345805230873, 3.6689453125
0.0794396801660207, 3.66455078125
0.07962279122287667, 3.66455078125
0.07876827295754875, 3.67138671875
0.0792565691091647, 3.66650390625
0.07901242103335673, 3.69189453125
0.07904293954283273, 3.69091796875
0.07922605059968871, 3.68994140625
0.07885982848597675, 3.6943359375
0.0792565691091647, 3.69482421875
0.07953123569444868, 3.7138671875
0.0802941984313486, 3.70849609375
0.07971434675130466, 3.7080078125
0.07977538377025666, 3.7119140625
0.08020264290292062, 3.7080078125
0.0804773094882046, 3.7275390625
0.0802941984313486, 3.7294921875
0.0802941984313486, 3.73046875
0.07980590227973265, 3.73486328125
0.08035523545030061, 3.72900390625
0.08035523545030061, 3.75
0.08014160588396863, 3.751953125
0.08023316141239661, 3.75048828125
0.08056886501663259, 3.7470703125
0.0802941984313486, 3.751953125
0.08066042054506058, 3.77099609375
0.08075197607348857, 3.76904296875
0.08133182775353252, 3.76318359375
0.08096560563982055, 3.76611328125
0.08081301309244057, 3.77099609375
0.08133182775353252, 3.78857421875
0.0815759758293405, 3.7890625
0.08182012390514848, 3.783203125
0.08075197607348857, 3.79345703125
0.08075197607348857, 3.79736328125
0.08212530899990844, 3.80615234375
0.08178960539567248, 3.80615234375
0.08191167943357647, 3.8056640625
0.08127079073458052, 3.8125
0.08142338328196051, 3.81103515625
0.08185064241462447, 3.82861328125
0.08227790154728844, 3.828125
0.08175908688619647, 3.8291015625
0.08239997558519242, 3.828125
0.08188116092410047, 3.82763671875
0.08291879024628437, 3.8447265625
0.08212530899990844, 3.85009765625
0.08206427198095645, 3.8515625
0.0815149388103885, 3.8564453125
0.08310190130314035, 3.84033203125
0.08239997558519242, 3.873046875
0.08270516067995239, 3.8681640625
0.0825525681325724, 3.87109375
0.08252204962309641, 3.86865234375
0.08304086428418836, 3.8642578125
0.08267464217047639, 3.88916015625
0.08304086428418836, 3.8837890625
0.08267464217047639, 3.89111328125
0.08267464217047639, 3.88818359375
0.08273567918942838, 3.8916015625
0.0837733085116123, 3.9052734375
0.08340708639790033, 3.90771484375
0.08355967894528031, 3.90625
0.08401745658742027, 3.90576171875
0.0838038270210883, 3.90869140625
0.08432264168218025, 3.92431640625
0.08438367870113224, 3.9228515625
0.08453627124851222, 3.9248046875
0.08441419721060824, 3.927734375
0.08444471572008423, 3.9208984375
0.08355967894528031, 3.95703125
0.08429212317270425, 3.94873046875
0.08371227149266029, 3.955078125
0.08392590105899228, 3.953125
0.08453627124851222, 3.94580078125
0.08423108615375226, 3.970703125
0.08432264168218025, 3.974609375
0.08453627124851222, 3.9697265625
0.0846583452864162, 3.9677734375
0.0848414563432722, 3.96826171875
0.08496353038117618, 3.98974609375
0.0846888637958922, 3.9892578125
0.08548234504226813, 3.98779296875
0.08511612292855616, 3.9873046875
0.08560441908017212, 3.9853515625
0.08578753013702811, 4.00634765625
0.08520767845698417, 4.01318359375
0.08539078951384015, 4.01123046875
0.08600115970336009, 4.0068359375
0.08529923398541216, 4.01806640625
0.08572649311807612, 4.0302734375
0.08575701162755212, 4.03125
0.08575701162755212, 4.0283203125
0.08581804864650411, 4.029296875
0.08572649311807612, 4.03125
0.08612323374126407, 4.05029296875
0.08633686330759606, 4.05029296875
0.08679464094973602, 4.046875
0.0859096041749321, 4.05078125
0.08722190008239998, 4.041015625
0.08716086306344799, 4.0654296875
0.08700827051606799, 4.0673828125
0.08716086306344799, 4.06689453125
0.08655049287392803, 4.07275390625
0.08642841883602405, 4.07421875
0.086977752006592, 4.08544921875
0.08621478926969207, 4.09716796875
0.08676412244026002, 4.0927734375
0.08673360393078403, 4.095703125
0.08670308542130803, 4.09521484375
0.08719138157292398, 4.11083984375
0.08716086306344799, 4.11181640625
0.0879848628192999, 4.10546875
0.08780175176244392, 4.10693359375
0.08777123325296793, 4.1083984375
0.08777123325296793, 4.1328125
0.08841212195196387, 4.12548828125
0.08771019623401594, 4.12890625
0.08764915921506394, 4.1357421875
0.08838160344248787, 4.12841796875
0.08890041810357982, 4.14697265625
0.08868678853724785, 4.14892578125
0.08880886257515183, 4.14794921875
0.08899197363200781, 4.1455078125
0.08862575151829585, 4.14990234375
0.08847315897091586, 4.17529296875
0.08929715872676779, 4.1650390625
0.08899197363200781, 4.16943359375
0.08832056642353588, 4.17333984375
0.08954130680257576, 4.1630859375
0.08981597338785974, 4.185546875
0.08935819574571978, 4.1884765625
0.08984649189733573, 4.18359375
0.0891750846888638, 4.18994140625
0.08883938108462783, 4.19384765625
0.08886989959410382, 4.21826171875
0.08951078829309976, 4.2099609375
0.08941923276467177, 4.20947265625
0.08981597338785974, 4.20947265625
0.08993804742576372, 4.2119140625
0.09033478804895169, 4.23046875
0.09018219550157171, 4.2294921875
0.09033478804895169, 4.2294921875
0.09015167699209571, 4.23046875
0.08975493636890775, 4.23291015625
0.09033478804895169, 4.25
0.0902737510299997, 4.25244140625
0.09057893612475967, 4.2490234375
0.09094515823847163, 4.24462890625
0.09118930631427961, 4.24072265625
0.09048738059633167, 4.2705078125
0.09121982482375561, 4.26513671875
0.09100619525742362, 4.2626953125
0.0902127140110477, 4.27294921875
0.09112826929532762, 4.265625
0.09051789910580767, 4.2919921875
0.09097567674794763, 4.29052734375
0.09121982482375561, 4.2900390625
0.09094515823847163, 4.2900390625
0.09067049165318766, 4.29443359375
0.0913113803521836, 4.31494140625
0.09179967650379955, 4.3046875
0.09146397289956358, 4.3125
0.09112826929532762, 4.30859375
0.09170812097537157, 4.30810546875
0.09149449140903958, 4.333984375
0.09176915799432356, 4.3330078125
0.09210486159855953, 4.32763671875
0.09213538010803553, 4.32763671875
0.09164708395641957, 4.33056640625
0.09247108371227149, 4.345703125
0.09219641712698752, 4.3486328125
0.09250160222174748, 4.34716796875
0.09268471327860348, 4.34228515625
0.09216589861751152, 4.3515625
0.09219641712698752, 4.37353515625
0.09332560197759941, 4.3671875
0.0923490096743675, 4.3720703125
0.09259315775017549, 4.3740234375
0.09247108371227149, 4.3740234375
0.0934476760155034, 4.388671875
0.09387493514816736, 4.38427734375
0.09311197241126744, 4.396484375
0.09286782433545945, 4.39111328125
0.09286782433545945, 4.392578125
0.09335612048707541, 4.412109375
0.0934476760155034, 4.40869140625
0.09295937986388744, 4.4169921875
0.0934476760155034, 4.40771484375
0.09320352793969543, 4.41455078125
0.09399700918607136, 4.43212890625
0.09332560197759941, 4.43603515625
0.09384441663869136, 4.4267578125
0.09332560197759941, 4.4375
0.09295937986388744, 4.44091796875
0.09430219428083132, 4.453125
0.09439374980925931, 4.45068359375
0.09497360148930327, 4.44482421875
0.09402752769554736, 4.45263671875
0.09384441663869136, 4.45556640625
0.09439374980925931, 4.470703125
0.09436323129978332, 4.470703125
0.09469893490401929, 4.4658203125
0.0934781945249794, 4.48193359375
0.09479049043244728, 4.46533203125
0.09418012024292734, 4.49072265625
0.09436323129978332, 4.4912109375
0.0944547868282113, 4.4892578125
0.09466841639454329, 4.4921875
0.09521774956511124, 4.49072265625
0.09512619403668325, 4.51025390625
0.09601123081148717, 4.5029296875
0.09628589739677114, 4.50390625
0.09497360148930327, 4.5107421875
0.09475997192297128, 4.51708984375
0.0957060457167272, 4.52734375
0.09637745292519913, 4.52978515625
0.09537034211249122, 4.53857421875
0.09537034211249122, 4.53466796875
0.09576708273567919, 4.5361328125
0.09646900845362713, 4.5517578125
0.09649952696310313, 4.5439453125
0.09576708273567919, 4.556640625
0.09646900845362713, 4.55126953125
0.09552293465987122, 4.5546875
0.0967741935483871, 4.56982421875
0.09735404522843104, 4.56103515625
0.09720145268105106, 4.560546875
0.09698782311471908, 4.56494140625
0.09625537888729514, 4.57470703125
0.09662160100100711, 4.59228515625
0.09659108249153112, 4.59033203125
0.0966826380199591, 4.59521484375
0.09714041566209906, 4.58740234375
0.09701834162419508, 4.587890625
0.09732352671895504, 4.6083984375
0.09726248970000305, 4.61572265625
0.09817804498428297, 4.60205078125
0.097781304361095, 4.60693359375
0.09753715628528703, 4.60791015625
0.097903378398999, 4.63037109375
0.097842341380047, 4.63134765625
0.09759819330423902, 4.63720703125
0.09857478560747093, 4.62255859375
0.09738456373790703, 4.63720703125
0.09848323007904294, 4.6474609375
0.09857478560747093, 4.64794921875
0.09878841517380291, 4.64501953125
0.09814752647480697, 4.65283203125
0.09845271156956695, 4.6474609375
0.0989410077211829, 4.67041015625
0.09848323007904294, 4.671875
0.09878841517380291, 4.66796875
0.09906308175908689, 4.6640625
0.09939878536332286, 4.6630859375
0.0989104892117069, 4.69189453125
0.09939878536332286, 4.68798828125
0.09915463728751488, 4.6923828125
0.09964293343913083, 4.685546875
0.09933774834437085, 4.689453125
0.1000396740623188, 4.70458984375
0.09942930387279886, 4.7099609375
0.10025330362865077, 4.70166015625
0.09942930387279886, 4.70849609375
0.09979552598651081, 4.70654296875
0.09952085940122685, 4.73388671875
0.09927671132541886, 4.7333984375
0.09985656300546282, 4.7275390625
0.10028382213812677, 4.728515625
0.10055848872341075, 4.7275390625
0.10065004425183874, 4.7509765625
0.10065004425183874, 4.75
0.10061952574236274, 4.75
0.10016174810022278, 4.75341796875
0.10089419232764672, 4.7490234375
0.10055848872341075, 4.7744140625
0.1000396740623188, 4.77685546875
0.10129093295083468, 4.76123046875
0.10061952574236274, 4.76953125
0.10058900723288675, 4.77294921875
0.10223700674459059, 4.783203125
0.10153508102664266, 4.78955078125
0.10077211828974272, 4.79736328125
0.10168767357402264, 4.7861328125
0.1011078218939787, 4.7900390625
0.10184026612140264, 4.80908203125
0.1010467848750267, 4.81640625
0.10119937742240669, 4.8125
0.10193182164983063, 4.80908203125
0.10168767357402264, 4.80908203125
0.10245063631092258, 4.8310546875
0.10284737693411054, 4.82080078125
0.10226752525406659, 4.82666015625
0.10190130314035463, 4.830078125
0.10193182164983063, 4.83203125
0.10245063631092258, 4.85302734375
0.10187078463087863, 4.85107421875
0.10278633991515855, 4.8486328125
0.10238959929197058, 4.84619140625
0.10296945097201453, 4.84814453125
0.10348826563310648, 4.86669921875
0.1031525620288705, 4.869140625
0.10287789544358654, 4.87060546875
0.10351878414258248, 4.86474609375
0.10296945097201453, 4.86865234375
0.10278633991515855, 4.89501953125
0.1033661915952025, 4.8935546875
0.10379345072786646, 4.88525390625
0.10309152500991851, 4.88818359375
0.10385448774681845, 4.888671875
0.1031830805383465, 4.90869140625
0.10348826563310648, 4.90869140625
0.1031525620288705, 4.9130859375
0.1044038209173864, 4.90673828125
0.10385448774681845, 4.91259765625
0.10397656178472243, 4.93115234375
0.1043427838984344, 4.9248046875
0.10403759880367443, 4.931640625
0.10461745048371837, 4.92578125
0.1043733024079104, 4.9287109375
0.10467848750267036, 4.94970703125
0.1042207098605304, 4.9521484375
0.10483108005005036, 4.951171875
0.10467848750267036, 4.95263671875
0.10470900601214636, 4.94677734375
0.10534989471114231, 4.96484375
0.10574663533433028, 4.96240234375
0.10559404278695028, 4.96484375
0.10510574663533433, 4.9716796875
0.10556352427747429, 4.9638671875
0.1054719687490463, 4.99169921875
0.10486159855952636, 4.99609375
0.10559404278695028, 4.98876953125
0.10571611682485428, 4.98779296875
0.10592974639118626, 4.98583984375
0.10550248725852229, 5.01220703125
0.10605182042909024, 5.00634765625
0.10577715384380627, 5.0087890625
0.10556352427747429, 5.01171875
0.10571611682485428, 5.00830078125
0.10657063509018219, 5.02880859375
0.1065401165807062, 5.03173828125
0.10669270912808619, 5.0283203125
0.10669270912808619, 5.029296875
0.1064485610522782, 5.03125
0.10684530167546617, 5.0478515625
0.10638752403332621, 5.05224609375
0.10730307931760613, 5.04541015625
0.10711996826075014, 5.04638671875
0.10711996826075014, 5.04638671875
0.10666219061861018, 5.07275390625
0.10727256080813014, 5.06884765625
0.10711996826075014, 5.06884765625
0.10663167210913418, 5.07763671875
0.1077303384502701, 5.06591796875
0.10812707907345805, 5.09033203125
0.10803552354503006, 5.083984375
0.10824915311136205, 5.087890625
0.10821863460188605, 5.0888671875
0.108584856715598, 5.0849609375
0.10852381969664601, 5.10498046875
0.10824915311136205, 5.1103515625
0.10895107882930997, 5.10791015625
0.10837122714926603, 5.115234375
0.10867641224402601, 5.11328125
0.10898159733878597, 5.13134765625
0.10925626392406995, 5.12744140625
0.108706930753502, 5.134765625
0.10892056031983398, 5.12939453125
0.108615375225074, 5.13916015625
0.10934781945249794, 5.1513671875
0.10953093050935392, 5.14697265625
0.10962248603778192, 5.14892578125
0.10968352305673391, 5.1484375
0.10943937498092593, 5.146484375
0.11004974517044587, 5.1689453125
0.1098361156041139, 5.17138671875
0.11041596728415784, 5.16455078125
0.11020233771782587, 5.1640625
0.1098361156041139, 5.16748046875
0.10953093050935392, 5.19091796875
0.10992767113254188, 5.1865234375
0.10962248603778192, 5.19287109375
0.1097750785851619, 5.197265625
0.11032441175572985, 5.1875
0.11117893002105778, 5.20849609375
0.11127048554948576, 5.20654296875
0.11148411511581774, 5.201171875
0.11111789300210578, 5.2080078125
0.11151463362529374, 5.208984375
0.11127048554948576, 5.23095703125
0.11114841151158178, 5.23193359375
0.11154515213476973, 5.2265625
0.11133152256843776, 5.228515625
0.1120639667958617, 5.22412109375
0.11212500381481369, 5.24609375
0.11185033722952971, 5.24755859375
0.11239967040009766, 5.2451171875
0.11185033722952971, 5.24951171875
0.11166722617267373, 5.2529296875
0.11230811487166967, 5.27099609375
0.1130710776085696, 5.26025390625
0.11267433698538164, 5.267578125
0.11218604083376568, 5.27392578125
0.11255226294747765, 5.2666015625
0.1131321146275216, 5.283203125
0.11282692953276162, 5.29150390625
0.11264381847590564, 5.28759765625
0.11246070741904965, 5.29052734375
0.11273537400433363, 5.2890625
0.11325418866542558, 5.30517578125
0.11255226294747765, 5.3125
0.11291848506118961, 5.30908203125
0.11276589251380963, 5.30810546875
0.11325418866542558, 5.3037109375
0.11337626270332957, 5.3271484375
0.11346781823175756, 5.32763671875
0.11319315164647359, 5.33251953125
0.11328470717490158, 5.33251953125
0.11319315164647359, 5.32958984375
0.11340678121280556, 5.35107421875
0.11340678121280556, 5.34912109375
0.11358989226966155, 5.34765625
0.11377300332651753, 5.3515625
0.11441389202551347, 5.33984375
0.11432233649708548, 5.37158203125
0.11429181798760948, 5.373046875
0.1141087069307535, 5.3671875
0.11383404034546953, 5.37548828125
0.11395611438337351, 5.369140625
0.11481063264870144, 5.38916015625
0.11447492904446546, 5.39208984375
0.11484115115817743, 5.39013671875
0.11499374370555743, 5.388671875
0.11490218817712942, 5.390625
0.11496322519608142, 5.40966796875
0.11578722495193335, 5.40380859375
0.11532944730979339, 5.41357421875
0.1163060396130253, 5.40185546875
0.11569566942350536, 5.40673828125
0.11584826197088534, 5.43017578125
0.11554307687612538, 5.4306640625
0.11569566942350536, 5.43212890625
0.11676381725516526, 5.4248046875
0.11621448408459731, 5.43212890625
0.11664174321726127, 5.4482421875
0.11636707663197729, 5.4501953125
0.11606189153721733, 5.45361328125
0.11587878048036133, 5.45556640625
0.11615344706564532, 5.45263671875
0.11694692831202125, 5.46630859375
0.11648915066988129, 5.47119140625
0.1162450025940733, 5.47216796875
0.11713003936887723, 5.46435546875
0.11597033600878934, 5.4736328125
0.11670278023621326, 5.4951171875
0.11691640980254524, 5.49169921875
0.11716055787835322, 5.48681640625
0.11725211340678121, 5.48876953125
0.11673329874568926, 5.4931640625
0.11786248359630115, 5.5048828125
0.11694692831202125, 5.51025390625
0.11777092806787316, 5.5078125
0.11755729850154119, 5.51318359375
0.11758781701101718, 5.5087890625
0.1173436689352092, 5.53759765625
0.11777092806787316, 5.53271484375
0.11905270546586505, 5.52392578125
0.11780144657734916, 5.53515625
0.11789300210577715, 5.53076171875
0.11899166844691306, 5.544921875
0.11893063142796106, 5.546875
0.11813715018158513, 5.5498046875
0.11862544633320109, 5.55322265625
0.11902218695638905, 5.55029296875
0.11923581652272103, 5.568359375
0.11865596484267708, 5.5791015625
0.11938840907010102, 5.56298828125
0.11944944608905302, 5.57080078125
0.11947996459852901, 5.56591796875
0.11902218695638905, 5.5908203125
0.119632557145909, 5.58544921875
0.12009033478804895, 5.5859375
0.119632557145909, 5.5859375
0.11941892757957702, 5.5986328125
0.11999877925962096, 5.60888671875
0.11990722373119297, 5.60986328125
0.11966307565538499, 5.61181640625
0.11929685354167302, 5.6162109375
0.11984618671224097, 5.61279296875
0.12076174199652089, 5.62451171875
0.12103640858180487, 5.62890625
0.12134159367656484, 5.62451171875
0.12045655690176092, 5.63037109375
0.11938840907010102, 5.6376953125
0.12121951963866084, 5.64599609375
0.12033448286385692, 5.65185546875
0.12024292733542893, 5.65576171875
0.1206396679586169, 5.65234375
0.12057863093966491, 5.65576171875
0.12094485305337688, 5.67236328125
0.12222663045136875, 5.6669921875
0.12054811243018891, 5.67529296875
0.12216559343241676, 5.6669921875
0.1217383342997528, 5.6650390625
0.12201300088503678, 5.69140625
0.12198248237556078, 5.69091796875
0.12143314920499283, 5.69580078125
0.12137211218604084, 5.6962890625
0.12201300088503678, 5.6884765625
0.12179937131870479, 5.71142578125
0.12161626026184881, 5.71923828125
0.12240974150822474, 5.7080078125
0.12158574175237281, 5.712890625
0.12195196386608478, 5.712890625
0.12341685232093265, 5.72314453125
0.12326425977355265, 5.72412109375
0.12298959318826869, 5.72705078125
0.12298959318826869, 5.73046875
0.12198248237556078, 5.73876953125
0.12384411145359661, 5.74609375
0.12311166722617267, 5.751953125
0.12332529679250466, 5.75048828125
0.12329477828302866, 5.74755859375
0.12317270424512466, 5.75048828125
0.12421033356730857, 5.7705078125
0.12466811120944853, 5.76171875
0.12417981505783257, 5.7705078125
0.12436292611468856, 5.767578125
0.12454603717154454, 5.76123046875
0.12454603717154454, 5.78955078125
0.12421033356730857, 5.7900390625
0.12439344462416456, 5.7900390625
0.12518692587054048, 5.78125
0.12472914822840052, 5.78564453125
0.12454603717154454, 5.8095703125
0.1250343333231605, 5.8046875
0.12463759269997253, 5.80615234375
0.12424085207678456, 5.81201171875
0.12463759269997253, 5.8095703125
0.12533951841792046, 5.82958984375
0.12549211096530047, 5.828125
0.12527848139896847, 5.830078125
0.12527848139896847, 5.83251953125
0.12512588885158848, 5.8310546875
0.1260414441358684, 5.84521484375
0.12561418500320445, 5.849609375
0.12555314798425246, 5.849609375
0.12546159245582444, 5.8515625
0.1259498886074404, 5.84619140625
0.12671285134434035, 5.8623046875
0.1261024811548204, 5.86767578125
0.12656025879696037, 5.86865234375
0.12683492538224433, 5.865234375
0.12555314798425246, 5.8759765625
0.12649922177800837, 5.890625
0.12649922177800837, 5.89306640625
0.12683492538224433, 5.890625
0.12619403668324838, 5.89697265625
0.12677388836329234, 5.88916015625
0.1271095919675283, 5.9072265625
0.12671285134434035, 5.91162109375
0.1270485549485763, 5.90966796875
0.12790307321390423, 5.9072265625
0.12738425855281227, 5.9150390625
0.1282692953276162, 5.9248046875
0.12805566576128422, 5.9306640625
0.12790307321390423, 5.93017578125
0.12869655446028017, 5.91845703125
0.1271095919675283, 5.93359375
0.1281472212897122, 5.9482421875
0.12854396191290018, 5.94580078125
0.12805566576128422, 5.95361328125
0.1282082583086642, 5.94970703125
0.12829981383709219, 5.94873046875
0.1292153691213721, 5.9697265625
0.12900173955504013, 5.96630859375
0.1295510727256081, 5.96435546875
0.12839136936552017, 5.97607421875
0.12869655446028017, 5.97412109375
0.1295205542161321, 5.98681640625
0.1294900357066561, 5.9892578125
0.12967314676351208, 5.98583984375
0.1291543321024201, 5.994140625
