Time, Temperature 
0, 28.7
5.4555, 28.8
7.8074, 28.9
9.3275, 29.0
11.6951, 29.1
13.1515, 29.2
14.8795, 29.3
17.2635, 29.4
18.6874, 29.5
20.3676, 29.6
22.0318, 29.7
23.6957, 29.8
25.6159, 29.9
27.0554, 30.0
29.1357, 30.1
31.0397, 30.2
32.6714, 30.3
35.3279, 30.4
36.1274, 30.5
37.6155, 30.6
39.3911, 30.7
41.2798, 30.8
43.3114, 30.9
44.3351, 31.0
46.5757, 31.1
47.7274, 31.2
49.8236, 31.3
51.5196, 31.4
52.5114, 31.5
54.5754, 31.6
56.0315, 31.7
58.3997, 31.8
59.6635, 31.9
60.6232, 32.0
61.5673, 32.1
63.5995, 32.2
65.2795, 32.3
66.7195, 32.4
67.5193, 32.5
68.8478, 32.6
70.9759, 32.7
72.6558, 32.8
73.968, 32.9
75.0077, 33.0
76.7037, 33.1
78.144, 33.2
79.312, 33.3
81.7599, 33.4
82.5278, 33.5
84.5922, 33.6
85.7761, 33.7
87.1842, 33.8
88.6246, 33.9
89.7922, 34.0
91.9683, 34.1
93.4401, 34.2
94.7363, 34.3
96.2239, 34.4
97.0561, 34.5
98.8325, 34.6
100.2402, 34.7
101.7923, 34.8
104.8001, 34.9
105.7764, 35.0
107.1677, 35.1
108.3684, 35.2
110.2725, 35.3
111.2483, 35.4
111.9525, 35.5
113.3286, 35.6
114.5446, 35.7
116.4329, 35.8
117.6487, 35.9
118.6882, 36.0
120.2564, 36.1
121.9206, 36.2
123.1522, 36.3
124.5926, 36.4
125.2002, 36.5
126.6406, 36.6
128.3525, 36.7
130.4964, 36.8
132.9445, 36.9
133.9682, 37.0
135.2327, 37.1
136.1124, 37.2
137.8566, 37.3
139.8244, 37.4
140.6886, 37.5
142.6087, 37.6
144.593, 37.7
146.2244, 37.8
147.4086, 37.9
148.3364, 38.0
150.9126, 38.1
152.6083, 38.2
154.0487, 38.3
155.2327, 38.4
156.1289, 38.5
156.8966, 38.6
158.7847, 38.7
160.2248, 38.8
161.2948, 38.9
162.1444, 39.0
163.5528, 39.1
165.2809, 39.2
166.4009, 39.3
167.4566, 39.4
168.6088, 39.5
169.7608, 39.6
172.5753, 39.7
173.969, 39.8
177.649, 39.9
178.8809, 40.0
181.5694, 40.1
184.4813, 40.2
186.1449, 40.3
187.6301, 40.4
188.6541, 40.5
189.5851, 40.6
191.1532, 40.7
191.9209, 40.8
193.3774, 40.9
194.4144, 41.0
195.7929, 41.1
197.0091, 41.2
198.545, 41.3
199.6169, 41.4
200.6706, 41.5
202.8014, 41.6
205.0095, 41.7
206.1292, 41.8
207.4575, 41.9
208.1608, 42.0
211.6333, 42.1
213.5209, 42.2
214.7531, 42.3
215.6173, 42.4
217.3455, 42.5
218.9773, 42.6
222.4169, 42.7
225.2498, 42.8
226.3674, 42.9
229.0251, 43.0
230.9137, 43.1
231.8411, 43.2
233.0097, 43.3
233.6014, 43.4
234.7379, 43.5
236.0338, 43.6
236.8809, 43.7
237.9537, 43.8
238.753, 43.9
240.6421, 44.0
242.0497, 44.1
243.4901, 44.2
244.8819, 44.3
245.9055, 44.4
247.7774, 44.5
249.4413, 44.6
251.2334, 44.7
252.5184, 44.8
254.1772, 44.9
256.3536, 45.0
258.4975, 45.1
259.9055, 45.2
262.5194, 45.3
263.6496, 45.4
265.3619, 45.5
266.8179, 45.6
273.3939, 45.7
275.394, 45.8
276.658, 45.9
278.4659, 46.0
280.8499, 46.1
282.2738, 46.2
284.4017, 46.3
285.3937, 46.4
287.0099, 46.5
288.0641, 46.6
289.1698, 46.7
292.6742, 46.8
293.5536, 46.9
296.1139, 47.0
298.0501, 47.1
299.1547, 47.2
301.5863, 47.3
302.1619, 47.4
303.3303, 47.5
305.6026, 47.6
308.1465, 47.7
310.5943, 47.8
311.6182, 47.9
313.6186, 48.0
314.9622, 48.1
316.9782, 48.2
320.7066, 48.3
321.1861, 48.4
322.3385, 48.5
323.3299, 48.6
324.0503, 48.7
325.4746, 48.8
325.9864, 48.9
326.6901, 49.0
327.7784, 49.1
328.5627, 49.2
329.1543, 49.3
329.7144, 49.4
331.0747, 49.5
331.9705, 49.6
332.9306, 49.7
334.0667, 49.8
335.5389, 49.9
337.9874, 50.0
339.3951, 50.1
342.0189, 50.2
342.8827, 50.3
346.2906, 50.4
348.7227, 50.5
353.4109, 50.6
357.1232, 50.7
358.0189, 50.8
359.1871, 50.9
360.4825, 51.0
363.651, 51.1
365.2513, 51.2
370.4026, 51.3
371.9713, 51.4
373.1871, 51.5
374.3233, 51.6
376.0671, 51.7
376.8827, 51.8
382.0192, 51.9
387.8564, 52.0
390.979, 52.1
392.979, 52.2
394.016, 52.3
396.2108, 52.4
398.3545, 52.5
400.4988, 52.6
403.3793, 52.7
404.6429, 52.8
406.4507, 52.9
407.5067, 53.0
408.819, 53.1
409.8406, 53.2
410.675, 53.3
411.7149, 53.4
413.0748, 53.5
414.1463, 53.6
415.2832, 53.7
416.2429, 53.8
417.4109, 53.9
419.3631, 54.0
420.9952, 53.9
421.7313, 53.8
424.2752, 53.9
425.6353, 54.0
429.0112, 53.9
429.7628, 53.8
437.6355, 53.9
438.3235, 54.0
440.5952, 54.1
442.2752, 54.2
443.603, 54.3
445.1072, 54.4
446.2433, 54.5
447.8594, 54.6
450.0515, 54.7
452.3393, 54.8
456.8035, 54.9
457.1876, 55.0
457.6034, 55.1
459.2679, 55.2
460.5475, 55.3
461.5877, 55.4
462.5954, 55.5
464.2439, 55.6
465.8914, 55.7
468.2754, 55.8
472.1314, 55.9
473.8759, 56.0
476.228, 56.1
477.8276, 56.2
480.4676, 56.3
482.0839, 56.4
483.5555, 56.5
487.6677, 56.6
490.6439, 56.7
494.4998, 56.8
496.0336, 56.9
496.9958, 56.8
506.0999, 56.9
507.7157, 57.0
513.492, 57.1
516.1962, 57.2
521.7803, 57.1
524.1485, 57.2
525.5563, 57.3
526.5963, 57.4
527.4444, 57.5
528.7406, 57.6
529.9085, 57.7
531.1885, 57.8
532.9005, 57.9
535.3164, 58.0
537.1564, 58.1
538.7564, 58.2
539.8128, 58.3
541.1248, 58.4
542.2604, 58.5
545.3968, 58.6
555.3485, 58.7
560.1487, 58.8
564.2447, 58.9
565.2369, 59.0
566.1168, 59.1
568.8206, 59.2
570.9491, 59.3
572.7407, 59.4
573.9571, 59.5
576.3251, 59.6
579.8132, 59.7
581.8287, 59.8
591.4287, 59.9
593.5088, 60.0
605.9409, 60.1
612.981, 60.2
618.7091, 60.1
623.877, 60.2
625.9249, 60.3
627.0298, 60.4
628.0829, 60.5
630.6135, 60.6
633.0452, 60.7
636.2299, 60.8
639.2697, 60.9
640.9339, 61.0
643.7176, 61.1
647.5578, 61.2
653.3661, 61.3
654.6938, 61.4
656.678, 61.5
659.574, 61.6
662.2301, 61.7
665.3174, 61.8
671.7498, 61.9
678.0699, 62.0
680.4699, 62.1
682.582, 62.2
684.1821, 62.3
686.7099, 62.4
688.9657, 62.5
692.0859, 62.6
695.1898, 62.7
698.9018, 62.8
703.3983, 62.9
706.4863, 63.0
711.6221, 63.1
713.67, 63.2
717.1581, 63.3
717.7658, 63.4
721.8142, 63.5
725.6542, 63.6
729.5901, 63.7
735.0305, 63.6
737.782, 63.5
740.9825, 63.4
745.1582, 63.3
745.7984, 63.2
746.5185, 63.1
747.5743, 63.0
750.7906, 63.1
751.8782, 63.2
752.6302, 63.3
753.7183, 63.4
754.7584, 63.5
756.359, 63.6
757.5909, 63.7
758.647, 63.8
759.6547, 63.9
760.919, 64.0
762.2628, 64.1
763.5904, 64.2
766.6624, 64.3
768.1507, 64.4
768.9504, 64.5
774.1667, 64.4
777.4307, 64.5
791.9727, 64.6
794.9828, 64.7
800.3914, 64.8
803.6071, 64.9
805.863, 65.0
809.8791, 65.1
812.4389, 65.2
814.2949, 65.3
816.3589, 65.4
818.0228, 65.3
823.3672, 65.4
823.9912, 65.5
830.6475, 65.6
832.9849, 65.7
839.5277, 65.8
844.9675, 65.9
853.1277, 66.0
858.6958, 66.1
864.2, 66.2
872.9198, 66.3
882.1517, 66.4
884.6636, 66.5
885.7334, 66.6
888.9836, 66.7
903.736, 66.6
906.1359, 66.7
914.2478, 66.6
918.1838, 66.7
921.048, 66.8
923.9761, 66.9
924.5521, 67.0
925.416, 67.1
926.4241, 67.2
933.0, 67.3
935.8957, 67.2
937.8164, 67.3
948.6484, 67.4
958.5682, 67.5
965.7203, 67.6
969.6245, 67.7
972.601, 67.8
977.9926, 67.9
987.0327, 68.0
989.289, 68.1
995.3372, 68.2
1027.3535, 68.3
1037.0333, 68.4
1038.2331, 68.3
1039.6252, 68.4
1040.937, 68.3
1044.1852, 68.4
1051.8338, 68.5
1053.3829, 68.6
1055.3059, 68.7
1061.9781, 68.8
1066.9536, 68.9
1069.0814, 68.8
1077.9456, 68.7
1079.0169, 68.8
1085.9142, 68.9
1089.8182, 69.0
1093.562, 69.1
1096.4902, 69.2
1103.9303, 69.3
1108.5703, 69.4
1112.5541, 69.5
1117.2423, 69.4
1119.0821, 69.3
1121.5303, 69.2
1126.6028, 69.3
1129.8185, 69.2
1132.7753, 69.3
1136.2499, 69.4
1150.6668, 69.5
1151.1787, 69.6
1152.9068, 69.7
1158.5703, 69.8
1167.8828, 69.9
1187.067, 70.0
1189.4505, 69.9
1197.3072, 70.0
1199.0674, 70.1
1205.7389, 70.0
1207.0353, 69.9
1208.715, 70.0
1209.563, 70.1
1215.6112, 70.0
1216.6029, 69.9
1217.7392, 69.8
1219.0834, 69.7
1223.9314, 69.8
1224.2513, 69.9
1232.0431, 70.0
1237.1632, 70.1
1245.4834, 70.0
1248.1555, 70.1
1249.6277, 70.2
1251.8197, 70.3
1255.372, 70.4
1260.2517, 70.3
1262.7795, 70.2
1268.5398, 70.3
1271.5805, 70.4
1274.0288, 70.5
1275.7875, 70.6
1279.9637, 70.7
1284.7, 70.8
1291.7558, 70.9
1293.8837, 70.8
1294.8119, 70.9
1299.7557, 70.8
1301.5959, 70.9
1305.4199, 71.0
1311.8199, 70.9
1314.3321, 70.8
